20221004 アップデート
skill_db_add.txt
254,0,6,4,6,0,10,1,no,33,256,0,magic,0,CR_GRANDCROSS,グランドクロス
279,0,6,4,0,1,10,1,yes,0,0,0,magic,0,SA_AUTOSPELL,オートマジシャンスペル
2216,3,8,2,2,4,5,2,yes,0,0,0,magic,0,WL_EARTHSTRAIN,アースストレイン
2276,0,0,0,0,0,10,0,no,0,0,0,none,0,NC_TRAININGAXE,斧鍛錬
2308,11,6,1,0,0,10,1,yes,0,0,0,weapon,0,LG_BANISHINGPOINT,バニシングポイント
2323,0,6,4,2,0,5,0,yes,0,0,0,weapon,0,LG_EARTHDRIVE,アースドライブ
2330,3,6,4,0,0,10,1,yes,0,4,0,weapon,0,SR_TIGERCANNON,號砲
2413,11,6,1,0,0,10,1,yes,0,0,0,magic,0,WM_METALICSOUND,メタリックサウンド
2474,0,0,0,0,0,5,0,no,0,0,0,none,0,GN_TRAINING_SWORD,剣鍛錬
2478,0,6,4,0,1,5,1,yes,0,0,0,weapon,0,GN_CARTBOOST,改造カートブースト

skill_cast_db_add.txt
279,3000,0,0,0,120000:150000:180000:210000:240000:270000:300000:360000:390000,0	//SA_AUTOSPELL#オートマジシャンスペル#
2216,2000:2500:3000:3500:4000,500,500,600:1200:1800:2400:3000,1000:1200:1400:1600:1800,75000:90000:105000:120000:135000	//WL_EARTHSTRAIN#アースストレイン#
2330,1100:1200:1300:1400:1500:1600:1700:1800:1900:2000,0,1000,2000,0,0	//SR_TIGERCANNON#號砲#
2478,1500,0,500,0,90000,0	//GN_CARTBOOST#改造カートブースト#

skill_tree_add.txt
0,15,279,10,278,4,0,0,0,0,0,0,0,0,0,0,2	//SA_AUTOSPELL#オートマジシャンスペル#
1,15,279,10,278,4,0,0,0,0,0,0,0,0,0,0,2	//SA_AUTOSPELL#オートマジシャンスペル#
0,33,2276,10,0,0,0,0,0,0,0,0,0,0,0,0,3	//NC_TRAININGAXE#斧鍛錬#
0,36,279,10,278,4,0,0,0,0,0,0,0,0,0,0,2	//SA_AUTOSPELL#オートマジシャンスペル#
0,40,2474,5,0,0,0,0,0,0,0,0,0,0,0,0,3	//GN_TRAINING_SWORD#剣鍛錬#
0,40,2478,5,2475,3,0,0,0,0,0,0,0,0,0,0,3	//GN_CARTBOOST#改造カートブースト#
1,33,2276,10,0,0,0,0,0,0,0,0,0,0,0,0,3	//NC_TRAININGAXE#斧鍛錬#
1,36,279,10,278,4,0,0,0,0,0,0,0,0,0,0,2	//SA_AUTOSPELL#オートマジシャンスペル#
1,40,2474,5,0,0,0,0,0,0,0,0,0,0,0,0,3	//GN_TRAINING_SWORD#剣鍛錬#
1,40,2478,5,2475,3,0,0,0,0,0,0,0,0,0,0,3	//GN_CARTBOOST#改造カートブースト#

skill_require_db_add.txt
279,0,35,0,0,0,99,none,0,0,0,0,0,0,0,0,0,0,0,0,0,0,0,0,0,0,0,0,0	//SA_AUTOSPELL#オートマジシャンスペル#
2478,0,20:24:28:32:36,0,0,0,99,cart,0,0,0,0,0,0,0,0,0,0,0,0,0,0,0,0,0,0,0,0,0	//GN_CARTBOOST#改造カートブースト#
