2020 スキル調整アップデート 拡張職 dbで対応可能分
skill_require_db_add.txt
523,0,5,0,0,0,99,none,0,0,0,0,0,0,0,0,0,0,0,0,0,0,0,0,0,0,0,0,0	//NJ_SYURIKEN#手裏剣投げ#
524,0,10,0,0,0,99,none,0,0,0,0,0,0,0,0,0,0,0,0,0,0,0,0,0,0,0,0,0	//NJ_KUNAI#苦無投げ#
525,0,15:20:25:30:35,0,0,0,22,none,0,0,0,0,0,0,0,0,0,0,0,0,0,0,0,0,0,0,0,0,0	//NJ_HUUMA#風魔手裏剣投げ#
528,0,8,0,0,0,99,none,0,0,0,0,0,0,0,0,0,0,0,0,0,0,0,0,0,0,0,0,0	//NJ_KASUMIKIRI#霞斬り#
530,0,10:11:12:13:14,0,0,0,99,hiding,0,0,0,0,0,0,0,0,0,0,0,0,0,0,0,0,0,0,0,0,0	//NJ_KIRIKAGE#影斬り#
539,0,40:45:50:55:60,0,0,0,99,none,0,7522,1,0,0,0,0,0,0,0,0,0,0,0,0,0,0,0,0,0,0	//NJ_HYOUSYOURAKU#氷柱落し#
541,0,16:20:24:28:32,0,0,0,99,none,0,7523,1,0,0,0,0,0,0,0,0,0,0,0,0,0,0,0,0,0,0	//NJ_RAIGEKISAI#雷撃砕#
542,0,17:19:21:23:25,0,0,0,99,none,0,7523,1,0,0,0,0,0,0,0,0,0,0,0,0,0,0,0,0,0,0	//NJ_KAMAITACHI#朔風#
2001,0,40:42:44:46:48:50:52:54:56:58,0,0,0,1:2:3:4:5:6:7:8:9:10:11:12:13:14:15:16:17:18:19:20:21:22,none,0,0,0,0,0,0,0,0,0,0,0,0,0,0,0,0,0,0,0,0,0	//RK_ENCHANTBLADE#エンチャントブレイド#
2002,0,30:33:36:39:42:45:48:51:54:57,0,0,0,99,none,0,0,0,0,0,0,0,0,0,0,0,0,0,0,0,0,0,0,0,0,0	//RK_SONICWAVE#ソニックウェーブ#
2028,0,40:36:32:28:24,0,0,0,99,none,0,0,0,0,0,0,0,0,0,0,0,0,0,0,0,0,0,0,0,0,0	//GC_WEAPONBLOCKING#ウェポンブロッキング#
2029,0,5:8:11:14:17:20:23:26:29:32,0,0,0,99,none,0,0,0,0,0,0,0,0,0,0,0,0,0,0,0,0,0,0,0,0,0	//GC_COUNTERSLASH#カウンタースラッシュ#
2033,0,45,0,0,0,99,none,0,0,0,0,0,0,0,0,0,0,0,0,0,0,0,0,0,0,0,0,0	//GC_CLOAKINGEXCEED#クローキングエクシード#
2038,0,20:23:26:29:32:35:38:41:44:47,0,0,0,99,none,0,0,0,0,0,0,0,0,0,0,0,0,0,0,0,0,0,0,0,0,0	//AB_JUDEX#ジュデックス#
2050,0,70:80:90:100,0,0,0,99,none,0,0,0,0,0,0,0,0,0,0,0,0,0,0,0,0,0,0,0,0,0	//AB_RENOVATIO#レノヴァティオ#
2217,0,120:150:180:210:240:270:300:330:360:390,0,0,0,99,none,0,0,0,0,0,0,0,0,0,0,0,0,0,0,0,0,0,0,0,0,0	//WL_TETRAVORTEX#テトラボルテックス#
2236,0,30:32:34:36:38:40:42:44:46:48,0,0,0,11,none,0,0,0,0,0,0,0,0,0,0,0,0,0,0,0,0,0,0,0,0,0	//RA_AIMEDBOLT#エイムドボルト#
2247,0,40,0,0,0,99,none,0,0,0,0,0,0,0,0,0,0,0,0,0,0,0,0,0,0,0,0,0	//RA_CAMOUFLAGE#カモフラージュ#
2261,0,40:45:50:55:60,0,0,0,99,gear,0,6146,1,0,0,0,0,0,0,0,0,0,0,0,0,0,0,0,0,0,0	//NC_ARMSCANNON#アームズキャノン#
2279,0,10:12:14:16:18:20:22:24:26:28,0,0,0,6:7,none,0,0,0,0,0,0,0,0,0,0,0,0,0,0,0,0,0,0,0,0,0	//NC_POWERSWING#パワースイング#
2284,0,20:23:26:29:32:35:38:41:44:47,0,0,0,99,none,0,0,0,0,0,0,0,0,0,0,0,0,0,0,0,0,0,0,0,0,0	//SC_FATALMENACE#フェイタルメナス#
2304,0,12:14:16:18:20:22:24:26:28:30,0,0,0,99,none,0,6122,0,6123,1,0,0,0,0,0,0,0,0,0,0,0,0,0,0,0,0	//SC_FEINTBOMB#フェイントボム#
2310,0,10:12:14:16:18:20:22:24:26:28,0,0,0,99,shield,0,0,0,0,0,0,0,0,0,0,0,0,0,0,0,0,0,0,0,0,0	//LG_SHIELDPRESS#シールドプレス#
2321,0,45:50:55:60:65:70:75:80:85:90,1,0,0,99,none,0,0,0,0,0,0,0,0,0,0,0,0,0,0,0,0,0,0,0,0,0	//LG_RAYOFGENESIS#レイオブジェネシス#
2329,0,20:25:30:35:40:45:50:55:60:65,0,0,0,99,none,2:2:2:2:2:1:1:1:1:1,0,0,0,0,0,0,0,0,0,0,0,0,0,0,0,0,0,0,0,0	//SR_FALLENEMPIRE#大纏崩捶#
2336,0,10:12:14:16:18:20:22:24:26:28,0,0,0,99,none,1:1:1:1:1:0:0:0:0:0,0,0,0,0,0,0,0,0,0,0,0,0,0,0,0,0,0,0,0,0	//SR_KNUCKLEARROW#修羅身弾#
2413,0,16:17:18:19:20:21:22:23:24:25,0,0,0,99,none,0,0,0,0,0,0,0,0,0,0,0,0,0,0,0,0,0,0,0,0,0	//WM_METALICSOUND#メタリックサウンド#
2418,0,80:90:100:110:120,0,0,0,11:13:14,none,0,0,0,0,0,0,0,0,0,0,0,0,0,0,0,0,0,0,0,0,0	//WM_SEVERE_RAINSTORM#シビアレインストーム#
2445,0,40:44:48:52:56:60:64:68:72:76,0,0,0,99,none,0,0,0,0,0,0,0,0,0,0,0,0,0,0,0,0,0,0,0,0,0	//SO_SPELLFIST#スペルフィスト#
2454,0,55:62:69:76:83:90:97:114:121:128,0,0,0,99,none,0,0,0,0,0,0,0,0,0,0,0,0,0,0,0,0,0,0,0,0,0	//SO_VARETYR_SPEAR#ヴェラチュールスピアー#
2476,0,20,0,0,0,99,cart,0,0,0,0,0,0,0,0,0,0,0,0,0,0,0,0,0,0,0,0,0	//GN_CART_TORNADO#カートトルネード#
2481,0,55:60:65:70:75:80:85:90:95:100,0,0,0,99,none,0,6212,1,0,0,0,0,0,0,0,0,0,0,0,0,0,0,0,0,0,0	//GN_SPORE_EXPLOSION#スポアエクスプロージョン#
2554,0,55:60:65:70:75,0,0,0,20,none,0,0,0,0,0,0,0,0,0,0,0,0,0,0,0,0,0,0,0,0,0	//RL_BANISHING_BUSTER#バニシングバスター#
2561,0,32:34:36:38:40:42:44:46:48:50,0,0,0,17,none,0,0,0,0,0,0,0,0,0,0,0,0,0,0,0,0,0,0,0,0,0	//RL_FIREDANCE#ファイアーダンス#
2565,0,11:12:13:14:15:16:17:18:19:20,0,0,0,19,none,0,0,0,0,0,0,0,0,0,0,0,0,0,0,0,0,0,0,0,0,0	//RL_R_TRIP#ラウンドトリップ#
2566,0,60:70:80:90:100:110:120:130:140:150,0,0,0,21,none,0,7665,1,0,0,0,0,0,0,0,0,0,0,0,0,0,0,0,0,0,0	//RL_D_TAIL#ドラゴンテイル#
2571,0,35:40:45:50:55:60:65:70:75:80,0,0,0,18,none,0,0,0,0,0,0,0,0,0,0,0,0,0,0,0,0,0,0,0,0,0	//RL_HAMMER_OF_GOD#ハンマーオブゴッド#
3004,0,10:14:18:22:26:30:34:38:42:46,0,0,0,1:22,none,0,0,0,0,0,0,0,0,0,0,0,0,0,0,0,0,0,0,0,0,0	//KO_JYUMONJIKIRI#十文字斬り#
3009,0,24:28:32:36:40:44:48:52:56:60,0,0,0,22,none,0,0,0,0,0,0,0,0,0,0,0,0,0,0,0,0,0,0,0,0,0	//KO_HUUMARANKA#風魔手裏剣 -乱華-#

skill_tree_add.txt
0,25,523,10,522,1,0,0,0,0,0,0,0,0,0,0,1	//NJ_SYURIKEN#手裏剣投げ#
0,25,524,5,523,5,0,0,0,0,0,0,0,0,0,0,1	//NJ_KUNAI#苦無投げ#
0,25,525,5,524,5,522,5,0,0,0,0,0,0,0,0,1	//NJ_HUUMA#風魔手裏剣投げ#
0,25,528,10,529,1,0,0,0,0,0,0,0,0,0,0,1	//NJ_KASUMIKIRI#霞斬り#
0,25,530,5,528,5,0,0,0,0,0,0,0,0,0,0,1	//NJ_KIRIKAGE#影斬り#
0,25,539,5,538,7,533,10,0,0,0,0,0,0,0,0,1	//NJ_HYOUSYOURAKU#氷柱落し#
0,25,541,5,540,5,0,0,0,0,0,0,0,0,0,0,1	//NJ_RAIGEKISAI#雷撃砕#
0,25,542,5,541,5,533,10,0,0,0,0,0,0,0,0,1	//NJ_KAMAITACHI#朔風#
0,29,2001,10,2010,2,0,0,0,0,0,0,0,0,0,0,3	//RK_ENCHANTBLADE#エンチャントブレイド#
0,29,2002,10,2001,3,0,0,0,0,0,0,0,0,0,0,3	//RK_SONICWAVE#ソニックウェーブ#
0,30,2217,10,2204,5,2212,5,2214,5,2216,5,0,0,0,0,3	//WL_TETRAVORTEX#テトラボルテックス#
0,30,2232,10,0,0,0,0,0,0,0,0,0,0,0,0,3	//WL_FREEZE_SP#フリージングスペル#
0,31,2236,10,117,5,0,0,0,0,0,0,0,0,0,0,3	//RA_AIMEDBOLT#エイムドボルト#
0,31,2247,5,2235,1,0,0,0,0,0,0,0,0,0,0,3	//RA_CAMOUFLAGE#カモフラージュ#
0,31,2248,10,123,1,124,1,0,0,0,0,0,0,0,0,3	//RA_RESEARCHTRAP#トラップ研究#
0,32,2038,10,77,1,0,0,0,0,0,0,0,0,0,0,3	//AB_JUDEX#ジュデックス#
0,32,2050,4,2043,3,0,0,0,0,0,0,0,0,0,0,3	//AB_RENOVATIO#レノヴァティオ#
0,33,2261,5,2259,2,2260,2,0,0,0,0,0,0,0,0,3	//NC_ARMSCANNON#アームズキャノン#
0,33,2279,10,2278,3,0,0,0,0,0,0,0,0,0,0,3	//NC_POWERSWING#パワースイング#
0,34,2028,5,133,5,0,0,0,0,0,0,0,0,0,0,3	//GC_WEAPONBLOCKING#ウェポンブロッキング#
0,34,2029,10,2028,1,0,0,0,0,0,0,0,0,0,0,3	//GC_COUNTERSLASH#カウンタースラッシュ#
0,34,2033,5,135,3,0,0,0,0,0,0,0,0,0,0,3	//GC_CLOAKINGEXCEED#クローキングエクシード#
0,35,2310,10,250,3,0,0,0,0,0,0,0,0,0,0,3	//LG_SHIELDPRESS#シールドプレス#
0,35,2321,10,254,5,0,0,0,0,0,0,0,0,0,0,3	//LG_RAYOFGENESIS#レイオブジェネシス#
0,36,2445,10,279,4,0,0,0,0,0,0,0,0,0,0,3	//SO_SPELLFIST#スペルフィスト#
0,36,2454,10,283,1,287,4,0,0,0,0,0,0,0,0,3	//SO_VARETYR_SPEAR#ヴェラチュールスピアー#
0,37,2413,10,2417,1,0,0,0,0,0,0,0,0,0,0,3	//WM_METALICSOUND#メタリックサウンド#
0,37,2418,5,316,5,0,0,0,0,0,0,0,0,0,0,3	//WM_SEVERE_RAINSTORM#シビアレインストーム#
0,38,2413,10,2417,1,0,0,0,0,0,0,0,0,0,0,3	//WM_METALICSOUND#メタリックサウンド#
0,38,2418,5,324,5,0,0,0,0,0,0,0,0,0,0,3	//WM_SEVERE_RAINSTORM#シビアレインストーム#
0,39,2329,10,2326,1,0,0,0,0,0,0,0,0,0,0,3	//SR_FALLENEMPIRE#大纏崩捶#
0,39,2336,10,2332,3,2335,3,0,0,0,0,0,0,0,0,3	//SR_KNUCKLEARROW#修羅身弾#
0,40,2476,10,2475,1,0,0,0,0,0,0,0,0,0,0,3	//GN_CART_TORNADO#カートトルネード#
0,40,2481,10,2497,4,0,0,0,0,0,0,0,0,0,0,3	//GN_SPORE_EXPLOSION#スポアエクスプロージョン#
0,41,2284,10,219,5,0,0,0,0,0,0,0,0,0,0,3	//SC_FATALMENACE#フェイタルメナス#
0,41,2304,10,2300,3,0,0,0,0,0,0,0,0,0,0,3	//SC_FEINTBOMB#フェイントボム#
1,29,2001,10,2010,2,0,0,0,0,0,0,0,0,0,0,3	//RK_ENCHANTBLADE#エンチャントブレイド#
1,29,2002,10,2001,3,0,0,0,0,0,0,0,0,0,0,3	//RK_SONICWAVE#ソニックウェーブ#
1,30,2217,10,2204,5,2212,5,2214,5,2216,5,0,0,0,0,3	//WL_TETRAVORTEX#テトラボルテックス#
1,30,2232,10,0,0,0,0,0,0,0,0,0,0,0,0,3	//WL_FREEZE_SP#フリージングスペル#
1,31,2236,10,117,5,0,0,0,0,0,0,0,0,0,0,3	//RA_AIMEDBOLT#エイムドボルト#
1,31,2247,5,2235,1,0,0,0,0,0,0,0,0,0,0,3	//RA_CAMOUFLAGE#カモフラージュ#
1,31,2248,10,123,1,124,1,0,0,0,0,0,0,0,0,3	//RA_RESEARCHTRAP#トラップ研究#
1,32,2038,10,77,1,0,0,0,0,0,0,0,0,0,0,3	//AB_JUDEX#ジュデックス#
1,32,2050,4,2043,3,0,0,0,0,0,0,0,0,0,0,3	//AB_RENOVATIO#レノヴァティオ#
1,33,2261,5,2259,2,2260,2,0,0,0,0,0,0,0,0,3	//NC_ARMSCANNON#アームズキャノン#
1,33,2279,10,2278,3,0,0,0,0,0,0,0,0,0,0,3	//NC_POWERSWING#パワースイング#
1,34,2028,5,133,5,0,0,0,0,0,0,0,0,0,0,3	//GC_WEAPONBLOCKING#ウェポンブロッキング#
1,34,2029,10,2028,1,0,0,0,0,0,0,0,0,0,0,3	//GC_COUNTERSLASH#カウンタースラッシュ#
1,34,2033,5,135,3,0,0,0,0,0,0,0,0,0,0,3	//GC_CLOAKINGEXCEED#クローキングエクシード#
1,35,2310,10,250,3,0,0,0,0,0,0,0,0,0,0,3	//LG_SHIELDPRESS#シールドプレス#
1,35,2321,10,254,5,0,0,0,0,0,0,0,0,0,0,3	//LG_RAYOFGENESIS#レイオブジェネシス#
1,36,2445,10,279,4,0,0,0,0,0,0,0,0,0,0,3	//SO_SPELLFIST#スペルフィスト#
1,36,2454,10,283,1,287,4,0,0,0,0,0,0,0,0,3	//SO_VARETYR_SPEAR#ヴェラチュールスピアー#
1,37,2413,10,2417,1,0,0,0,0,0,0,0,0,0,0,3	//WM_METALICSOUND#メタリックサウンド#
1,37,2418,5,316,5,0,0,0,0,0,0,0,0,0,0,3	//WM_SEVERE_RAINSTORM#シビアレインストーム#
1,38,2413,10,2417,1,0,0,0,0,0,0,0,0,0,0,3	//WM_METALICSOUND#メタリックサウンド#
1,38,2418,5,324,5,0,0,0,0,0,0,0,0,0,0,3	//WM_SEVERE_RAINSTORM#シビアレインストーム#
1,39,2329,10,2326,1,0,0,0,0,0,0,0,0,0,0,3	//SR_FALLENEMPIRE#大纏崩捶#
1,39,2336,10,2332,3,2335,3,0,0,0,0,0,0,0,0,3	//SR_KNUCKLEARROW#修羅身弾#
1,40,2476,10,2475,1,0,0,0,0,0,0,0,0,0,0,3	//GN_CART_TORNADO#カートトルネード#
1,40,2481,10,2497,4,0,0,0,0,0,0,0,0,0,0,3	//GN_SPORE_EXPLOSION#スポアエクスプロージョン#
1,41,2284,10,219,5,0,0,0,0,0,0,0,0,0,0,3	//SC_FATALMENACE#フェイタルメナス#
1,41,2304,10,2300,3,0,0,0,0,0,0,0,0,0,0,3	//SC_FEINTBOMB#フェイントボム#
0,42,5071,1,0,0,0,0,0,0,0,0,0,0,175,0,0	//EVT_FULL_THROTTLE#フルスロットル#
0,43,523,10,522,1,0,0,0,0,0,0,0,0,0,0,1	//NJ_SYURIKEN#手裏剣投げ#
0,43,524,5,523,5,0,0,0,0,0,0,0,0,0,0,1	//NJ_KUNAI#苦無投げ#
0,43,525,5,524,5,522,5,0,0,0,0,0,0,0,0,1	//NJ_HUUMA#風魔手裏剣投げ#
0,43,528,10,529,1,0,0,0,0,0,0,0,0,0,0,1	//NJ_KASUMIKIRI#霞斬り#
0,43,530,5,528,5,0,0,0,0,0,0,0,0,0,0,1	//NJ_KIRIKAGE#影斬り#
0,43,539,5,538,7,533,10,0,0,0,0,0,0,0,0,1	//NJ_HYOUSYOURAKU#氷柱落し#
0,43,541,5,540,5,0,0,0,0,0,0,0,0,0,0,1	//NJ_RAIGEKISAI#雷撃砕#
0,43,542,5,541,5,533,10,0,0,0,0,0,0,0,0,1	//NJ_KAMAITACHI#朔風#
0,43,3004,10,3001,1,0,0,0,0,0,0,0,0,0,0,2	//KO_JYUMONJIKIRI#十文字斬り#
0,43,3009,10,525,3,0,0,0,0,0,0,0,0,0,0,2	//KO_HUUMARANKA#風魔手裏剣 -乱華-#
0,44,523,10,522,1,0,0,0,0,0,0,0,0,0,0,1	//NJ_SYURIKEN#手裏剣投げ#
0,44,524,5,523,5,0,0,0,0,0,0,0,0,0,0,1	//NJ_KUNAI#苦無投げ#
0,44,525,5,524,5,522,5,0,0,0,0,0,0,0,0,1	//NJ_HUUMA#風魔手裏剣投げ#
0,44,528,10,529,1,0,0,0,0,0,0,0,0,0,0,1	//NJ_KASUMIKIRI#霞斬り#
0,44,530,5,528,5,0,0,0,0,0,0,0,0,0,0,1	//NJ_KIRIKAGE#影斬り#
0,44,539,5,538,7,533,10,0,0,0,0,0,0,0,0,1	//NJ_HYOUSYOURAKU#氷柱落し#
0,44,541,5,540,5,0,0,0,0,0,0,0,0,0,0,1	//NJ_RAIGEKISAI#雷撃砕#
0,44,542,5,541,5,533,10,0,0,0,0,0,0,0,0,1	//NJ_KAMAITACHI#朔風#
0,44,3004,10,3001,1,0,0,0,0,0,0,0,0,0,0,2	//KO_JYUMONJIKIRI#十文字斬り#
0,44,3009,10,525,3,0,0,0,0,0,0,0,0,0,0,2	//KO_HUUMARANKA#風魔手裏剣 -乱華-#
0,45,2554,5,2557,1,0,0,0,0,0,0,0,0,0,0,2	//RL_BANISHING_BUSTER#バニシングバスター#
0,45,2561,10,516,1,0,0,0,0,0,0,0,0,0,0,2	//RL_FIREDANCE#ファイアーダンス#
0,45,2565,10,2567,1,0,0,0,0,0,0,0,0,0,0,2	//RL_R_TRIP#ラウンドトリップ#
0,45,2566,10,2560,1,2562,3,0,0,0,0,0,0,0,0,2	//RL_D_TAIL#ドラゴンテイル#
0,45,2571,10,2560,1,2569,3,0,0,0,0,0,0,0,0,2	//RL_HAMMER_OF_GOD#ハンマーオブゴッド#
0,42,249,10,0,0,0,0,0,0,0,0,0,0,0,0,2	//CR_AUTOGUARD#オートガード#
0,42,250,5,249,5,0,0,0,0,0,0,0,0,0,0,2	//CR_SHIELDCHARGE#シールドチャージ#
0,42,251,5,250,3,0,0,0,0,0,0,0,0,0,0,2	//CR_SHIELDBOOMERANG#シールドブーメラン#
0,42,270,5,262,1,0,0,0,0,0,0,0,0,0,0,2	//MO_EXPLOSIONSPIRITS#爆裂波動#
0,42,401,1,270,5,0,0,0,0,0,0,0,0,0,0,2	//CH_SOULCOLLECT#練気功#
0,42,68,5,31,1,66,3,0,0,0,0,0,0,0,0,2	//PR_ASPERSIO#アスペルシオ#
0,42,74,5,0,0,0,0,0,0,0,0,0,0,0,0,2	//PR_MAGNIFICAT#マグニフィカート#
0,42,85,10,21,1,84,5,0,0,0,0,0,0,0,0,2	//WZ_VERMILION#ロードオブヴァーミリオン#
0,42,89,10,15,1,84,3,0,0,0,0,0,0,0,0,2	//WZ_STORMGUST#ストームガスト#
0,42,83,10,21,1,81,2,0,0,0,0,0,0,0,0,2	//WZ_METEOR#メテオストーム#
0,42,210,10,50,1,0,0,0,0,0,0,0,0,0,0,2	//RG_SNATCHER#スナッチャー#
0,42,211,10,210,4,0,0,0,0,0,0,0,0,0,0,2	//RG_STEALCOIN#スティールコイン#
0,42,212,10,211,4,0,0,0,0,0,0,0,0,0,0,2	//RG_BACKSTAP#バックスタブ#
0,42,214,5,212,2,213,2,0,0,0,0,0,0,0,0,2	//RG_RAID#サプライズアタック#
0,42,116,5,0,0,0,0,0,0,0,0,0,0,0,0,2	//HT_LANDMINE#ランドマイン#
0,42,126,10,0,0,0,0,0,0,0,0,0,0,0,0,2	//HT_BEASTBANE#ビーストベイン#
0,42,139,10,138,3,0,0,0,0,0,0,0,0,0,0,2	//AS_POISONREACT#ポイズンリアクト#
0,42,140,10,138,5,0,0,0,0,0,0,0,0,0,0,2	//AS_VENOMDUST#ベナムダスト#
0,42,141,10,139,5,140,5,0,0,0,0,0,0,0,0,2	//AS_SPLASHER#ベナムスプラッシャー#
0,42,108,1,107,1,0,0,0,0,0,0,0,0,0,0,2	//BS_REPAIRWEAPON#武器修理#
0,42,5075,5,0,0,0,0,0,0,0,0,0,0,0,0,2	//NV_BREAKTHROUGH#ブレイクスルー#
0,42,5077,5,0,0,0,0,0,0,0,0,0,0,0,0,2	//NV_TRANSCENDENCE#トランセンデンス#
0,42,5076,1,0,0,0,0,0,0,0,0,0,0,0,0,2	//NV_HELPANGEL#天使さま助けて#

// Expanded Super Novice 削除スキル
//0,42,119,5,120,1,0,0,0,0,0,0,0,0,0,0,2//HT_SANDMAN#サンドマン#
//0,42,120,5,115,1,0,0,0,0,0,0,0,0,0,0,2//HT_FLASHER#フラッシャー#
//0,42,121,5,120,1,0,0,0,0,0,0,0,0,0,0,2//HT_FREEZINGTRAP#フリージングトラップ#

skill_cast_db_add.txt
524,0,0,0,0,0,0	//NJ_KUNAI#苦無投げ#
525,3000:2500:2000:1500:1000,0,1000,0,0,0	//NJ_HUUMA#風魔手裏剣投げ#
528,0,0,0,0,0,30000:60000:90000:120000:150000:180000:210000:240000:270000:300000	//NJ_KASUMIKIRI#霞斬り#
539,2000:2500:3000:3500:4000,0,2000,0,0,5000:10000:15000:20000:25000 	//NJ_HYOUSYOURAKU#氷柱落し#
541,4000,0,0,0,0,0	//NJ_RAIGEKISAI#雷撃砕#
542,4000,0,0,0,0,0	//NJ_KAMAITACHI#朔風#
2001,1000,0,0,0,300000,0	//RK_ENCHANTBLADE#エンチャントブレイド#
2002,0,0,1000:1000:1000:1000:1000:0:0:0:0:0,2000:2000:2000:2000:2000:200:200:200:200:200,0,0	//RK_SONICWAVE#ソニックウェーブ#
2012,0,0,0,0,0,0	//RK_CRUSHSTRIKE#クラッシュストライク#
2028,0,0,2000,0,180000,1500	//GC_WEAPONBLOCKING#ウェポンブロッキング#
2029,0,0,2000,0,0,0	//GC_COUNTERSLASH#カウンタースラッシュ#
2033,0,0,2000,0,1000,0	//GC_CLOAKINGEXCEED#クローキングエクシード#
2038,2000,0,0,0,0,0	//AB_JUDEX#ジュデックス#
2050,4000,0,0,0,90000:120000:150000:180000,0	//AB_RENOVATIO#レノヴァティオ#
2217,5000:6000:7000:8000:9000:9000:9000:9000:9000:9000,5000:4000:3000:2000:1000:1000:1000:1000:1000:1000,0,1000,0,0	//WL_TETRAVORTEX#テトラボルテックス#
2236,4000,500,1000,0,0,0	//RA_AIMEDBOLT#エイムドボルト#
2247,0,0,0,0,10000,0	//RA_CAMOUFLAGE#カモフラージュ#
2261,1000:1500:2000:2000:2000,0,1500:1000:500:500:500,0,0,0	//NC_ARMSCANNON#アームズキャノン#
2279,800:600:400:200:0:0:0:0:0:0,0,0,0,3000,0	//NC_POWERSWING#パワースイング#
2284,0,0,500,0,0,0	//SC_FATALMENACE#フェイタルメナス#
2304,0:0:0:0:0:0:1000:1000:1000:2000,0,0,2000,1500,0	//SC_FEINTBOMB#フェイントボム#
2310,0,0,0,2000,10000,0	//LG_SHIELDPRESS#シールドプレス#
2321,2000,0,1000,0,30000,0	//LG_RAYOFGENESIS#レイオブジェネシス#
2329,0,0,0,0,500:1000:1500:2000:2500:2500:2500:2500:2500:2500,0	//SR_FALLENEMPIRE#大纏崩捶#
2336,0,0,0,1000:800:600:400:200:200:200:200:200:200,0,0	//SR_KNUCKLEARROW#修羅身弾#
2413,1000:1500:2000:2500:3000:3000:3000:3000:3000:3000,0,0,200,10000,0	//WM_METALICSOUND#メタリックサウンド#
2418,1500:2000:2500:3000:3500,500,1000,4000,900:1800:2700:3600:4500,0	//WM_SEVERE_RAINSTORM#シビアレインストーム#
2445,0,0,1000,0,20000:25000:30000:35000:40000:45000:50000:55000:60000:65000,0	//SO_SPELLFIST#スペルフィスト#
2454,2200:2400:2600:2800:3000:3000:3000:3000:3000:3000,1800:1600:1400:1200:1000:1000:1000:1000:1000:1000,1000,2000,3000,0	//SO_VARETYR_SPEAR#ヴェラチュールスピアー#
2476,0,0,0,1000:1000:500:500:200:200:200:200:200:200,3000,0	//GN_CART_TORNADO#カートトルネード#
2481,1500,0,0,0,1500:1250:1000:750:500:500:500:500:500:500,0	//GN_SPORE_EXPLOSION#スポアエクスプロージョン#
2554,3000:2500:2000:1500:1000,1000,0,0,0,0	//RL_BANISHING_BUSTER#バニシングバスター#
2561,0,0,1000,0,0,0	//RL_FIREDANCE#ファイアーダンス#
2565,0,0,0,1000:800:600:400:200:200:200:200:200:200,0,0	//RL_R_TRIP#ラウンドトリップ#
2566,1200:1400:1600:1800:2000:2000:2000:2000:2000:2000,0,2000,5000,0,0	//RL_D_TAIL#ドラゴンテイル#
2571,0,0,2000,30000,0,0	//RL_HAMMER_OF_GOD#ハンマーオブゴッド#
3004,0,0,0,5000:3900:2800:1700:600:600:600:600:600:600,3000,0	//KO_JYUMONJIKIRI#十文字斬り#
3009,2000:1800:1600:1400:1200:1200:1200:1200:1200:1200,1000:1200:1400:1600:1800:1800:1800:1800:1800:1800,0,500,0,0	//KO_HUUMARANKA#風魔手裏剣 -乱華-#

skill_db_add.txt
523,9,6,1,0,0,10,1,no,0,0,0,weapon,0,NJ_SYURIKEN,手裏剣投げ
524,9,8,1,0,0,5,3,no,0,0,0,weapon,0,NJ_KUNAI,苦無投げ
525,9,8,1,0,0,5,3:3:4:4:5,no,0,0,0,weapon,0,NJ_HUUMA,風魔手裏剣投げ
528,1,8,1,0,0,10,2,no,0,0,0,weapon,0,NJ_KASUMIKIRI,霞斬り
530,7:9:11:13:15,8,1,0,0,5,3,no,0,0,0,weapon,0,NJ_KIRIKAGE,影斬り
539,0,8,4,1,0,5,5,yes,0,0,0,magic,0,NJ_HYOUSYOURAKU,氷柱落し
541,9,8,2,4,0,5,5,yes,0,0,0,magic,0,NJ_RAIGEKISAI,雷撃砕
542,5:6:7:8:9,8,1,4,0,5,5,yes,0,0,0,magic,0,NJ_KAMAITACHI,朔風
2001,1,6,4,0,1,10,1,yes,0,0,0,none,0,RK_ENCHANTBLADE,エンチャントブレイド
2002,7:8:9:10:11,8,1,0,4,10,3,yes,0,0,0,weapon,0,RK_SONICWAVE,ソニックウェーブ
2028,0,6,4,0,1,5,1,yes,0,0,0,none,0,GC_WEAPONBLOCKING,ウェポンブロッキング
2029,0,6,4,0,0,10,1,yes,0,0,0,weapon,0,GC_COUNTERSLASH,カウンタースラッシュ
2033,0,6,4,0,1,5,1,yes,0,0,0,none,0,GC_CLOAKINGEXCEED,クローキングエクシード
2038,11,8,1,6,4,10,3,yes,0,0,0,magic,0,AB_JUDEX,ジュデックス
2050,11,6,16,6,1,4,1,yes,0,0,0,magic,0,AB_RENOVATIO,レノヴァティオ
2217,11,6,1,0,1,10,1,yes,0,0,0,magic,0,WL_TETRAVORTEX,テトラボルテックス
2218,11,6,1,3,0,10,1,yes,0,0,0,magic,0,WL_TETRAVORTEX_FIRE,テトラボルテックス(火)
2219,11,6,1,1,0,10,1,yes,0,0,0,magic,0,WL_TETRAVORTEX_WATER,テトラボルテックス(水)
2220,11,6,1,4,0,10,1,yes,0,0,0,magic,0,WL_TETRAVORTEX_WIND,テトラボルテックス(風)
2221,11,6,1,2,0,10,1,yes,0,0,0,magic,0,WL_TETRAVORTEX_GROUND,テトラボルテックス(土)
2232,0,0,0,0,0,10,0,no,0,0,0,none,0,WL_FREEZE_SP,フリージングスペル
2236,9,8,1,0,0,10,1,yes,0,0,0,weapon,0,RA_AIMEDBOLT,エイムドボルト
2247,0,6,4,0,1,5,1,yes,0,0,0,weapon,0,RA_CAMOUFLAGE,カモフラージュ
2248,0,0,0,0,0,10,0,no,0,0,0,none,0,RA_RESEARCHTRAP,トラップ研究
2261,7,6,2,0,4,5,1,no,0,0,0,weapon,0,NC_ARMSCANNON,アームズキャノン
2279,1:1:1:1:1:3:3:3:3:3,6,1,0,0,10,1,yes,0,0,0,weapon,0,NC_POWERSWING,パワースイング
2284,1,6,1,0,0,10,1,yes,0,0,0,weapon,0,SC_FATALMENACE,フェイタルメナス
2304,0,6,4,0,1,10,1,no,0,0,0,weapon,6,SC_FEINTBOMB,フェイントボム
2310,1,8,1,0,2,10,5,yes,0,0,0,weapon,0,LG_SHIELDPRESS,シールドプレス
2321,1,8,2,6,0,10,7,yes,0,0,0,magic,0,LG_RAYOFGENESIS,レイオブジェネシス
2329,-2,8,4,0,0,10,2,yes,0,0,0,weapon,0,SR_FALLENEMPIRE,大纏崩捶
2336,7:8:9:10:11:11:11:11:11:11,6,1,0,2,10,1,yes,0,0,0,weapon,2:3:4:5:6:6:6:6:6:6,SR_KNUCKLEARROW,修羅身弾
2413,11,6,1,0,0,10,1,yes,0,0,0,magic,0,WM_METALICSOUND,メタリックサウンド
2418,9,6,2,0,0,5,1,yes,0,0,0,weapon,0,WM_SEVERE_RAINSTORM,シビアレインストーム
2445,0,6,4,0,1,10,1,yes,0,0,0,magic,0,SO_SPELLFIST,スペルフィスト
2454,9,8,1,4,0,10,3,yes,0,0,0,magic,0,SO_VARETYR_SPEAR,ヴェラチュールスピアー
2476,0,8,4,0,2,10,3,yes,0,0,0,weapon,3:3:2:2:1,GN_CART_TORNADO,カートトルネード
2481,11,8,1,0,1,10,3,yes,0,0,0,weapon,0,GN_SPORE_EXPLOSION,スポアエクスプロージョン
2516,11,6,1,0,0,5,1,yes,0,0,0,weapon,0,WM_SEVERE_RAINSTORM_MELEE,シビアレインストーム(攻撃)
2554,9,6,1,0,0,5,1,yes,0,0,0,weapon,0,RL_BANISHING_BUSTER,バニシングバスター
2561,0,6,4,0,1,10,1,yes,0,0,0,none,0,RL_FIREDANCE,ファイアーダンス
2565,0,6,4,0,1,10,1,yes,0,0,0,weapon,3,RL_R_TRIP,ラウンドトリップ
2566,11,6,4,0,1,10,1,yes,0,0,0,weapon,0,RL_D_TAIL,ドラゴンテイル
2571,7:8:9:10:11:11:11:11:11:11,6,1,0,0,10,1,yes,0,0,0,weapon,0,RL_HAMMER_OF_GOD,ハンマーオブゴッド
2572,0,0,1,0,0,10,0,no,0,0,0,weapon,0,RL_R_TRIP_PLUSATK,ラウンドトリップ(追撃)
3004,3:4:5:6:7,8,1,0,0,10,2,yes,0,0,0,weapon,0,KO_JYUMONJIKIRI,十文字斬り
3009,9:10:11:12:13,8,2,0,0,10,5,yes,0,0,0,weapon,0,KO_HUUMARANKA,風魔手裏剣 -乱華-