pet_db.txt
2081,quest,変なヒドラ,12408,6221,,,0,0,0,0,0,0,5000,0,0,0,0,0,0,{ /* クエスト用 */ }
1002,poring,ポリン,619,9001,10013,531,80,20,50,100,250,20,2000,0,1,0,0,0,0,{}
1113,drops,ドロップス,620,9002,10013,508,80,15,40,100,250,20,1500,0,1,0,0,0,0,{}
1031,poporing,ポポリン,621,9003,10013,511,80,12,30,100,250,20,1000,0,1,0,0,0,0,{}
1063,lunatic,ルナティック,622,9004,10007,534,80,15,40,100,250,20,1500,0,0,0,0,0,0,{}
1049,picky,ピッキ,623,9005,10012,507,80,15,40,100,250,20,2000,0,1,0,0,0,0,{}
1011,chonchon,チョンチョン,624,9006,10002,537,80,10,30,100,250,20,1500,0,1,0,0,0,0,{}
1042,steel_chonchon,スチールチョンチョン,625,9007,10002,1002,80,12,20,100,250,20,1000,0,1,0,0,0,0,{}
1035,hunter_fly,ハンターフライ,626,9008,10002,716,80,12,10,100,250,20,500,0,1,0,0,0,0,{}
1167,savage_babe,サベージベベ,627,9009,10015,537,80,9,40,100,250,20,1500,0,0,0,0,0,0,{ if(equippeditem(5572)) { bonus2 bAddSize,Size_Big,5; if(getpetinfo(3) >= 901) { bonus2 bAddSize,Size_Big,5; } } }
1107,desert_wolf_babe,子デザートウルフ,628,9010,10003,537,80,10,40,100,250,20,1000,0,0,0,0,0,0,{}
1052,rocker,ロッカー,629,9011,10014,537,80,60,30,100,250,20,1500,0,0,0,0,0,0,{}
1014,spore,スポア,630,9012,10017,537,80,20,30,100,250,20,1500,0,0,0,0,0,0,{}
1077,poison_spore,ポイズンスポア,631,9013,10017,537,80,20,20,100,250,20,1000,0,0,0,0,0,0,{}
1019,pecopeco,ペコペコ,632,9014,10010,537,80,15,30,100,250,20,1000,0,1,0,0,0,0,{}
1056,smokie,スモーキー,633,9015,10019,537,80,15,30,100,250,20,1000,0,1,0,0,0,0,{}
1057,yoyo,ヨーヨー,634,9016,10018,532,80,12,20,100,250,20,1000,0,1,0,0,0,0,{}
1023,ork_warrior,オークウォリアー,635,9017,10009,537,80,12,20,100,250,20,500,0,1,0,0,0,0,{}
1026,munak,ムナック,636,9018,10008,537,80,20,20,100,250,20,500,0,0,0,0,0,0,{}
1110,dokebi,ドケビ,637,9019,10005,537,80,15,20,100,250,20,500,0,0,0,0,0,0,{}
1170,sohee,ソヒー,638,9020,10016,537,80,20,10,100,250,20,500,0,0,0,0,0,0,{}
1029,isis,イシス,639,9021,10006,537,80,20,10,100,250,20,500,0,0,0,0,0,0,{}
1155,petit,グラウンドプティット,640,9022,10011,537,80,15,20,100,250,20,500,0,0,0,0,0,0,{}
1109,deviruchi,デビルチ,641,9023,10004,711,80,30,10,100,250,20,500,0,0,0,0,0,0,{ if(equippeditem(18653)) { if(getbaseclass(Class) == CLASS_MG || getbaseclass(Class) == CLASS_AC || getbaseclass(Class) == CLASS_AL) { bonus2 bResEff,Eff_Stun,500; if(getpetinfo(3) >= 901) { bonus2 bResEff,Eff_Stun,1500; } } } if(equippeditem(18950)) { bonus bSkillDelayRate,-2; if(getpetinfo(3) >= 901) { bonus bSkillDelayRate,-3; } } }
1101,baphomet_j,バフォメット.Jr,642,9024,10001,518,80,30,10,100,250,20,200,0,0,0,0,0,0,{}
1188,bon_gun,ボンゴン,659,9025,10020,537,80,20,10,100,250,20,500,0,1,0,0,0,0,{}
1200,zherlthsh,ジルタス,660,9026,0,929,80,20,10,100,250,20,50,0,1,0,0,0,0,{}
1275,alice,アリス,661,9027,0,504,80,20,10,100,250,20,100,0,0,0,0,0,0,{}
1815,event_ricecake,モチリン,0,9028,0,511,80,20,50,100,250,20,0,0,1,0,0,0,0,{}
1245,gobline_xmas,クリスマスゴブリン,12225,9029,0,911,80,20,50,100,250,20,500,0,1,0,0,0,0,{}
1519,CHUNG_E,チュンイー,0,9030,0,6115,80,60,50,100,250,20,2000,0,0,0,0,0,0,{}
1122,goblin_1,ゴブリン長男,14569,9032,0,7821,80,60,50,100,250,20,800,0,1,0,0,0,0,{}
1385,deleter_,グラウンドデリーター,0,9035,0,7822,80,60,20,100,250,1,800,0,1,0,0,0,0,{}
1208,wander_man,彷徨う者,14574,9037,0,7005,80,60,20,100,250,20,800,0,1,0,0,0,0,{}
1963,P_CHUNG_E,チュンイー(桃),0,9038,0,6115,80,60,30,100,250,20,0,0,0,0,0,0,0,{}
1513,CIVIL_SERVANT,ミョグェ,12358,9040,10022,6095,80,60,10,100,250,20,500,0,1,0,0,0,0,{}
1586,LEAF_CAT,リーフキャット,12359,9041,0,6096,80,60,20,100,250,20,200,0,1,0,0,0,0,{ /* 10023 クラッシュ */ }
1505,LOLI_RURI,ロリルリ,12360,9042,10024,6097,80,60,15,100,250,20,200,0,1,0,0,0,0,{}
1143,MARIONETTE,マリオネット,12361,9043,10025,6098,80,60,10,100,250,20,500,0,1,0,0,0,0,{}
1401,SHINOBI,カブキ忍者,12362,9044,0,6099,80,60,20,100,250,20,500,0,1,0,0,0,0,{ /* 10026 クラッシュ */ }
1179,WHISPER,ウィスパー,12363,9045,10027,6100,80,60,20,100,250,20,500,0,1,0,0,0,0,{}
1299,GOBLIN_LEADER,ゴブリンリーダー,12364,9046,10028,6104,80,60,10,100,250,20,50,0,1,0,0,0,0,{}
1416,WICKED_NYMPH,天仙娘々,12365,9047,10029,6105,80,60,15,100,250,20,500,0,1,0,0,0,0,{}
1404,MIYABI_NINGYO,雅人形,12366,9048,10030,6106,80,60,15,100,250,20,200,0,1,0,0,0,0,{}
1504,DULLAHAN,デュラハン,12367,9049,10031,6107,80,60,10,100,250,20,200,0,1,0,0,0,0,{}
1148,MEDUSA,メデューサ,12368,9050,10032,6108,80,60,10,100,250,20,200,0,1,0,0,0,0,{}
1495,STONE_SHOOTER,フレイムシューター,12369,9051,0,6109,80,60,20,100,250,20,500,0,1,0,0,0,0,{ /* 10033 クラッシュ */ }
1374,INCUBUS,インキュバス,12370,9052,10034,6110,80,60,10,100,250,20,50,0,1,0,0,0,0,{}
1040,GOLEM,ゴーレム,12371,9053,0,6111,80,60,20,100,250,20,500,0,1,0,0,0,0,{ /* 10035 アクセ表示がおかしい */ }
1379,NIGHTMARE_TERROR,ナイトメアテラー,12372,9054,0,6112,80,60,10,100,250,20,200,0,1,0,0,0,0,{ /* 10036 クラッシュ */ }
1370,SUCCUBUS,サキュバス,12373,9055,0,6110,80,60,10,100,250,20,200,0,1,0,0,0,0,{}
1837,IMP,インプ,0,9056,0,537,80,60,10,100,250,20,200,0,0,0,0,0,0,{}
2200,J_TAINI,タイニー,0,9057,0,512,80,60,10,100,250,20,0,0,1,0,0,0,0,{}
2313,TIKBALANG,ティクバラン,12699,9059,0,528,80,20,10,100,250,20,1000,0,1,0,0,0,0,{}
2336,DOMOVOI,ドモヴォイ,0,9060,0,535,80,10,10,100,250,20,0,0,1,0,0,0,0,{}
1090,mastering,マスターリング,0,9069,0,537,80,20,50,100,250,1,500,0,0,0,0,0,0,{}
3317,PAD_RUBYLIT,ルビリット,0,9074,0,537,80,20,50,100,250,20,500,0,0,0,0,0,0,{ /* 2022環境でセリフ不具合 */ }
3318,PAD_SAPPHILIT,サファリット,0,9075,0,537,80,20,50,100,250,20,500,0,0,0,0,0,0,{ /* 2022環境でセリフ不具合 */ }
3319,PAD_EMELIT,エメリット,0,9076,0,537,80,20,50,100,250,20,500,0,0,0,0,0,0,{ /* 2022環境でセリフ不具合 */ }
3320,PAD_TOPALIT,トパリット,0,9077,0,537,80,20,50,100,250,20,500,0,0,0,0,0,0,{ /* 2022環境でセリフ不具合 */ }
3321,PAD_AMELIT,アメリット,0,9078,0,537,80,20,50,100,250,20,500,0,0,0,0,0,0,{ /* 2022環境でセリフ不具合 */ }
3349,PAD_MYTHLIT,ミスリット,0,9079,0,537,80,20,50,100,250,20,500,0,0,0,0,0,0,{ /* 2022環境でセリフ不具合 */ }
3306,PAD_TAMADORA,たまドラ,0,9080,0,512,80,20,50,100,250,20,500,0,0,0,0,0,0,{ /* 2022環境でセリフ不具合 */ }
1213,high_orc,ハイオーク,0,9087,0,537,80,20,50,100,250,1,500,0,0,0,0,0,0,{}
1096,angeling,エンジェリング,0,9088,0,537,80,20,50,100,250,1,500,0,0,0,0,0,0,{}
1180,nine_tail,九尾狐,23187,9095,0,25231,80,20,50,100,250,20,500,0,0,0,0,0,0,{}
1307,cat_o_nine_tail,キャットナインテイル,0,9096,0,537,80,20,50,100,250,1,500,0,0,0,0,0,0,{}
1622,teddy_bear,ベアドール,0,9099,0,537,80,20,50,100,250,20,500,0,0,0,0,0,0,{}
1632,gremlin,グレムリン,23188,9100,0,25232,80,20,50,100,250,20,500,0,0,0,0,0,0,{}
1041,mummy,マミー,0,9102,0,934,80,20,50,100,250,20,500,0,0,0,0,0,0,{}
1010,wilow,ウィロー,23257,9103,0,537,80,20,50,100,250,20,500,0,0,0,0,0,0,{}
1773,hodremlin,ホドレムリン,0,9105,0,537,80,20,50,100,250,1,500,0,0,0,0,0,0,{}
1058,metaller,メタルラ,0,9106,0,537,80,20,50,100,250,1,500,0,0,0,0,0,0,{}
1297,ancient_mummy,エンシェントマミー,0,9107,0,537,80,20,50,100,250,1,500,0,0,0,0,0,0,{}
2995,xm_teddy_bear,捨てられたクマ人形,0,9108,0,25233,80,20,50,100,250,1,500,0,0,0,0,0,0,{}
3790,sweets_drops,スウィートドロップス,0,9109,0,529,80,20,50,100,250,1,500,0,0,0,0,0,0,{}
20425,phreeoni2,フリオニ,0,9111,0,25377,80,20,50,100,250,1,500,0,1,0,0,0,0,{ /* 2022環境でセリフ不具合 */ }
20424,moonlight2,月夜花,0,9112,0,25377,80,20,50,100,250,1,500,0,1,0,0,0,0,{ /* 2022環境でセリフ不具合 */ }
3971,skelion,ニブルレオン,0,9113,10042,11616,80,20,50,100,250,1,500,0,1,0,0,0,0,{}
20423,bacsojin2,ペクソジン,0,9115,0,25377,80,20,50,100,250,1,500,0,1,0,0,0,0,{}
20373,nightmare_terror_mj,硬化ナイトメアテラー,0,9116,0,537,80,20,50,100,250,1,500,0,0,0,0,0,0,{}
20420,wander_man_mj,汚染された彷徨う者,0,9117,0,537,80,20,50,100,250,1,500,0,0,0,0,0,0,{}
1736,ALIOT,エリオット,0,9118,0,537,80,20,50,100,250,1,500,0,0,0,0,0,0,{}
1735,ALICEL,エリセル,0,9119,0,537,80,20,50,100,250,1,500,0,0,0,0,0,0,{}
1737,ALIZA,エリザ,0,9120,0,537,80,20,50,100,250,1,500,0,0,0,0,0,0,{}
20571,ORK_HERO2,オークヒーロー,0,9121,0,25377,80,20,50,100,250,1,500,0,1,0,0,0,0,{}
20619,gloomundernight2,グルームアンダーナイト,0,9122,0,25377,80,20,50,100,250,1,500,0,1,0,0,0,0,{}
20696,child_admin1,ちび管理者ベータ,0,9123,10043,1000227,80,20,50,100,250,20,500,0,0,0,0,0,0,{ /* 2022環境でセリフ不具合 */ }
20697,child_admin2,ちび管理者アルファ,0,9124,10044,1000227,80,20,50,100,250,1,500,0,0,0,0,0,0,{ /* 2022環境でセリフ不具合 */ }
21290,pet_kiel,キエル-D-01,0,9126,0,25377,80,20,50,100,250,1,500,0,1,0,0,0,0,{}
1198,DARK_PRIEST,ダークプリースト,100796,9128,0,1000552,80,20,50,100,250,20,500,0,0,0,0,0,0,{}
20525,ill_baphomet_j,混沌のバフォメット.Jr,0,9130,0,537,80,20,50,100,250,1,500,0,0,0,0,0,0,{ /* 2022環境でセリフ不具合 */ }
21651,KNIGHT_OF_ABYSS2,深淵の騎士,0,9132,0,25377,80,20,50,100,250,1,500,0,1,0,0,0,0,{ /* 2022環境でセリフ不具合 */ }
21501,WILD_ROSE2,ワイルドローズ,100797,9135,0,537,80,20,50,100,250,20,500,0,1,0,0,0,0,{ /* 10046 クラッシュ 配置されているmobがテイミング対象の21501に変わってるかもしれない 2022環境でセリフ不具合 */ }
21500,EDDGA2,エドガ,0,9136,10047,25377,80,20,50,100,250,1,500,0,1,0,0,0,0,{ /* 2022環境でセリフ不具合 */ }
21502,baphomet2,バフォメット,0,9137,0,25377,80,20,50,100,250,1,500,0,1,0,0,0,0,{ /* 2022環境でセリフ不具合 */ }
23000,dark_illusion2,ダークイリュージョン,0,9139,0,537,80,20,50,100,250,1,500,0,0,0,0,0,0,{ /* 2022環境でセリフ不具合 */ }
23009,E_PITAYA_PET,レッドピタヤ,0,9143,0,537,80,20,50,100,250,1,500,0,0,0,0,0,0,{ /* 2022環境でセリフ不具合 */ }
21965,ep20_copo,コポ,102202,9145,0,537,80,20,50,100,250,1,500,0,0,0,0,0,0,{ /* 2022環境でセリフ不具合 */ }
21966,ep20_icewind1,グレーアイスウィンド,0,9146,0,537,80,20,50,100,250,1,500,0,0,0,0,0,0,{ /* 2022環境でセリフ不具合 */ }
21967,ep20_icewind2,ホワイトアイスウィンド,0,9147,0,537,80,20,50,100,250,1,500,0,0,0,0,0,0,{ /* 2022環境でセリフ不具合 */ }
22185,dark_lord2,ダークロード,0,9148,0,25377,80,20,50,100,250,1,500,0,1,0,0,0,0,{ /* 2022環境でセリフ不具合 */ }
23235,MISTRESS2,ミストレス,0,9153,0,25377,80,20,50,100,250,1,500,0,1,0,0,0,0,{ /* 2022環境でセリフ不具合 */ }
1303,GIANT_HONET,ジャイアントホーネット,0,9154,0,537,80,20,50,100,250,1,500,0,0,0,0,0,0,{ /* 2022環境でセリフ不具合 */ }
1004,Hornet,ホーネット,102723,9155,0,518,80,20,50,100,250,1,500,0,0,0,0,0,0,{ /* 2022環境でセリフ不具合 */ }
22299,VR_CHAO,チャオ,0,9156,0,511,80,20,50,100,250,1,500,0,1,0,0,0,0,{ /* 2022環境でセリフ不具合 */ }
1707,THA_DOLOR,タナトスの苦悩,103825,9158,0,537,80,20,50,100,250,1,500,0,0,0,0,0,0,{ /* 2022環境でセリフ不具合 */ }
1705,THA_DESPERO,タナトスの絶望,0,9159,0,537,80,20,50,100,250,1,500,0,0,0,0,0,0,{ /* 2022環境でセリフ不具合 */ }
23349,thanatos2,魔剣士タナトスの思念体,0,9160,0,25377,80,20,50,100,250,1,500,0,1,0,0,0,0,{ /* 2022環境でセリフ不具合 */ }
23306,randgris2,ランドグリス,0,9185,0,25377,80,20,50,100,250,1,500,0,1,0,0,0,0,{ /* 2022環境でセリフ不具合 */ }
20604,ANGELGOLT,エンジェゴルトブルー,0,9186,0,537,80,20,50,100,250,1,500,0,0,0,0,0,0,{ /* 2022環境でセリフ不具合 */ }
1754,SKEGGIOLD,スケゴルトブラウン,103218,9187,0,537,80,20,50,100,250,1,500,0,0,0,0,0,0,{ /* 2022環境でセリフ不具合 */ }
23307,timeholder2,タイムホルダー,0,9188,0,25377,80,20,50,100,250,1,500,0,1,0,0,0,0,{ /* 2022環境でセリフ不具合 */ }
1270,c_tower_manager,時計塔管理者,0,9189,0,537,80,20,50,100,250,1,500,0,0,0,0,0,0,{ /* 2022環境でセリフ不具合 */ }
1269,clock,クロック,103219,9190,0,25232,80,20,50,100,250,1,500,0,0,0,0,0,0,{ /* 2022環境でセリフ不具合 */ }

mob_db_add.txt
//-- petここから --
3317,JT_PAD_RUBYLIT,ルビリット,1,1,0,1,1,1,1,1,1,1,1,1,1,1,1,1,10,12,1,3,21,133,400,1872,672,480,0,0,0,0,0,0,0,0,0,0,0,0,0,0,0,0,0,0,0,0,0,0,0,0,0,0,0,0
3318,JT_PAD_SAPPHILIT,サファリット,1,1,0,1,1,1,1,1,1,1,1,1,1,1,1,1,10,12,1,3,21,133,400,1872,672,480,0,0,0,0,0,0,0,0,0,0,0,0,0,0,0,0,0,0,0,0,0,0,0,0,0,0,0,0
3319,JT_PAD_EMELIT,エメリット,1,1,0,1,1,1,1,1,1,1,1,1,1,1,1,1,10,12,1,3,21,133,400,1872,672,480,0,0,0,0,0,0,0,0,0,0,0,0,0,0,0,0,0,0,0,0,0,0,0,0,0,0,0,0
3320,JT_PAD_TOPALIT,トパリット,1,1,0,1,1,1,1,1,1,1,1,1,1,1,1,1,10,12,1,3,21,133,400,1872,672,480,0,0,0,0,0,0,0,0,0,0,0,0,0,0,0,0,0,0,0,0,0,0,0,0,0,0,0,0
3321,JT_PAD_AMELIT,アメリット,1,1,0,1,1,1,1,1,1,1,1,1,1,1,1,1,10,12,1,3,21,133,400,1872,672,480,0,0,0,0,0,0,0,0,0,0,0,0,0,0,0,0,0,0,0,0,0,0,0,0,0,0,0,0
3349,JT_PAD_MYTHLIT,ミスリット,1,1,0,1,1,1,1,1,1,1,1,1,1,1,1,1,10,12,1,3,21,133,400,1872,672,480,0,0,0,0,0,0,0,0,0,0,0,0,0,0,0,0,0,0,0,0,0,0,0,0,0,0,0,0
3306,JT_PAD_TAMADORA,たまドラ,1,1,0,1,1,1,1,1,1,1,1,1,1,1,1,1,10,12,1,3,21,133,400,1872,672,480,0,0,0,0,0,0,0,0,0,0,0,0,0,0,0,0,0,0,0,0,0,0,0,0,0,0,0,0
3790,JT_SWEETS_DROPS,スウィートドロップス,1,1,0,1,1,1,1,1,1,1,1,1,1,1,1,1,10,12,1,3,21,133,400,1872,672,480,0,0,0,0,0,0,0,0,0,0,0,0,0,0,0,0,0,0,0,0,0,0,0,0,0,0,0,0
3971,JT_SKELION,ニブルレオン,1,1,0,1,1,1,1,1,1,1,1,1,1,1,1,1,10,12,1,3,21,133,400,1872,672,480,0,0,0,0,0,0,0,0,0,0,0,0,0,0,0,0,0,0,0,0,0,0,0,0,0,0,0,0
20423,JT_BACSOJIN2,ペクソジン,1,1,0,1,1,1,1,1,1,1,1,1,1,1,1,1,10,12,1,3,21,133,400,1872,672,480,0,0,0,0,0,0,0,0,0,0,0,0,0,0,0,0,0,0,0,0,0,0,0,0,0,0,0,0
20424,JT_MOONLIGHT2,月夜花,1,1,0,1,1,1,1,1,1,1,1,1,1,1,1,1,10,12,1,3,21,133,400,1872,672,480,0,0,0,0,0,0,0,0,0,0,0,0,0,0,0,0,0,0,0,0,0,0,0,0,0,0,0,0
20425,JT_PHREEONI2,フリオニ,1,1,0,1,1,1,1,1,1,1,1,1,1,1,1,1,10,12,1,3,21,133,400,1872,672,480,0,0,0,0,0,0,0,0,0,0,0,0,0,0,0,0,0,0,0,0,0,0,0,0,0,0,0,0
21290,JT_KIEL_D_01_2,キエル-D-01,1,1,0,1,1,1,1,1,1,1,1,1,1,1,1,1,10,12,1,3,21,133,400,1872,672,480,0,0,0,0,0,0,0,0,0,0,0,0,0,0,0,0,0,0,0,0,0,0,0,0,0,0,0,0
21500,JT_EDDGA2,エドガ,1,1,0,1,1,1,1,1,1,1,1,1,1,1,1,1,10,12,1,3,21,133,400,1872,672,480,0,0,0,0,0,0,0,0,0,0,0,0,0,0,0,0,0,0,0,0,0,0,0,0,0,0,0,0
21501,JT_WILD_ROSE2,ワイルドローズ,1,1,0,1,1,1,1,1,1,1,1,1,1,1,1,1,10,12,1,3,21,133,400,1872,672,480,0,0,0,0,0,0,0,0,0,0,0,0,0,0,0,0,0,0,0,0,0,0,0,0,0,0,0,0
21502,JT_BAPHOMET2,バフォメット,1,1,0,1,1,1,1,1,1,1,1,1,1,1,1,1,10,12,1,3,21,133,400,1872,672,480,0,0,0,0,0,0,0,0,0,0,0,0,0,0,0,0,0,0,0,0,0,0,0,0,0,0,0,0
20571,JT_ORK_HERO2,オークヒーロー,1,1,0,1,1,1,1,1,1,1,1,1,1,1,1,1,10,12,1,3,21,133,400,1872,672,480,0,0,0,0,0,0,0,0,0,0,0,0,0,0,0,0,0,0,0,0,0,0,0,0,0,0,0,0
20619,JT_GLOOMUNDERNIGHT2,グルームアンダーナイト,1,1,0,1,1,1,1,1,1,1,1,1,1,1,1,1,10,12,1,3,21,133,400,1872,672,480,0,0,0,0,0,0,0,0,0,0,0,0,0,0,0,0,0,0,0,0,0,0,0,0,0,0,0,0
20696,JT_EP17_2_CHILD_ADMIN1,ちび管理者ベータ,1,1,0,1,1,1,1,1,1,1,1,1,1,1,1,1,10,12,1,3,21,133,400,1872,672,480,0,0,0,0,0,0,0,0,0,0,0,0,0,0,0,0,0,0,0,0,0,0,0,0,0,0,0,0
20697,JT_EP17_2_CHILD_ADMIN2,ちび管理者アルファ,1,1,0,1,1,1,1,1,1,1,1,1,1,1,1,1,10,12,1,3,21,133,400,1872,672,480,0,0,0,0,0,0,0,0,0,0,0,0,0,0,0,0,0,0,0,0,0,0,0,0,0,0,0,0
21965,JT_EP20_COPO,コポ,1,1,0,1,1,1,1,1,1,1,1,1,1,1,1,1,10,12,1,3,21,133,400,1872,672,480,0,0,0,0,0,0,0,0,0,0,0,0,0,0,0,0,0,0,0,0,0,0,0,0,0,0,0,0
21966,JT_EP20_ICEWIND1,グレーアイスウィンド,1,1,0,1,1,1,1,1,1,1,1,1,1,1,1,1,10,12,1,3,21,133,400,1872,672,480,0,0,0,0,0,0,0,0,0,0,0,0,0,0,0,0,0,0,0,0,0,0,0,0,0,0,0,0
21967,JT_EP20_ICEWIND2,ホワイトアイスウィンド,1,1,0,1,1,1,1,1,1,1,1,1,1,1,1,1,10,12,1,3,21,133,400,1872,672,480,0,0,0,0,0,0,0,0,0,0,0,0,0,0,0,0,0,0,0,0,0,0,0,0,0,0,0,0
22299,JT_VR_CHAO,チャオ,1,1,0,1,1,1,1,1,1,1,1,1,1,1,1,1,10,12,1,3,21,133,400,1872,672,480,0,0,0,0,0,0,0,0,0,0,0,0,0,0,0,0,0,0,0,0,0,0,0,0,0,0,0,0
23009,JT_PITAYA_R_PET,ピタヤ,1,1,0,1,1,1,1,1,1,1,1,1,1,1,1,1,10,12,1,3,21,133,400,1872,672,480,0,0,0,0,0,0,0,0,0,0,0,0,0,0,0,0,0,0,0,0,0,0,0,0,0,0,0,0
23235,JT_MISTRESS2,ミストレス,1,1,0,1,1,1,1,1,1,1,1,1,1,1,1,1,10,12,1,3,21,133,400,1872,672,480,0,0,0,0,0,0,0,0,0,0,0,0,0,0,0,0,0,0,0,0,0,0,0,0,0,0,0,0
23306,JT_RANDGRIS2,ランドグリス,1,1,0,1,1,1,1,1,1,1,1,1,1,1,1,1,10,12,1,3,21,133,400,1872,672,480,0,0,0,0,0,0,0,0,0,0,0,0,0,0,0,0,0,0,0,0,0,0,0,0,0,0,0,0
23307,JT_TIMEHOLDER2,タイムホルダー,1,1,0,1,1,1,1,1,1,1,1,1,1,1,1,1,10,12,1,3,21,133,400,1872,672,480,0,0,0,0,0,0,0,0,0,0,0,0,0,0,0,0,0,0,0,0,0,0,0,0,0,0,0,0
23349,JT_THANATOS2,魔剣士タナトスの思念体,1,1,0,1,1,1,1,1,1,1,1,1,1,1,1,1,10,12,1,3,21,133,400,1872,672,480,0,0,0,0,0,0,0,0,0,0,0,0,0,0,0,0,0,0,0,0,0,0,0,0,0,0,0,0
//-- pet ここまで --

item_db.txt
537,heal,ペットフード,0,1000,,10,,,,,2074075135,2,,,1,,,{ /* ペット餌 効果実装済み */ itemheal rand(50,90),0; },{}
579,heal,おいしい魚,0,250,,20,,,,,2074075135,2,,,1,,,{ /* ペット餌 効果実装済み */  itemheal rand(100,150),0; },{}
643,use,携帯卵孵化機,2,3000,,30,,,,,2074075135,2,,,1,,,{ /* ペット孵化 効果実装済み */ bpet; },{}
6095,item,香酒,3,1000,,10,,,,,,,,,,,,{ /* ペット餌 効果実装済み */ },{}
6096,item,青魚,3,1000,,10,,,,,,,,,,,,{ /* ペット餌 効果実装済み */ },{}
6097,item,甘いカボチャパイ,3,1000,,10,,,,,,,,,,,,{ /* ペット餌 効果実装済み */ },{}
6098,item,小さい雪の花,3,1000,,10,,,,,,,,,,,,{ /* ペット餌 効果実装済み */ },{}
6099,item,焼き餅,3,1000,,10,,,,,,,,,,,,{ /* ペット餌 効果実装済み */ },{}
6100,item,陰湿な闇,3,1000,,10,,,,,,,,,,,,{ /* ペット餌 効果実装済み */ },{}
6104,item,でっかいセルー,3,1000,,10,,,,,,,,,,,,{ /* ペット餌 効果実装済み */ },{}
6105,item,朝露,3,1000,,10,,,,,,,,,,,,{ /* ペット餌 効果実装済み */ },{}
6106,item,よく熟れたイチゴ,3,1000,,10,,,,,,,,,,,,{ /* ペット餌 効果実装済み */ },{}
6107,item,サンセット・オン・ザ・ロック,3,1000,,10,,,,,,,,,,,,{ /* ペット餌 効果実装済み */ },{}
6108,item,リンゴプリン,3,1000,,10,,,,,,,,,,,,{ /* ペット餌 効果実装済み */ },{}
6109,item,植物栄養剤,3,1000,,10,,,,,,,,,,,,{ /* ペット餌 効果実装済み */ },{}
6110,item,生気に満ちた花,3,1000,,10,,,,,,,,,,,,{ /* ペット餌 効果実装済み */ },{}
6111,item,魔力の宿った石,3,1000,,10,,,,,,,,,,,,{ /* ペット餌 効果実装済み */ },{}
6112,item,新鮮なサラダ,3,1000,,10,,,,,,,,,,,,{ /* ペット餌 効果実装済み */ },{}
6115,item,ホカホカの小包子,3,1000,,10,,,,,,,,,,,,{ /* ペット餌 効果実装済み */ },{}
7821,item,グリーンアップル,3,1000,,1,,,,,,,,,,,,{ /* ペット餌 効果実装済み */ },{}
7822,item,丸焼きバーベキュー,3,1000,,1,,,,,,,,,,,,{ /* ペット餌 効果実装済み */ },{}
10013,pet,かばん,4,1500,,0,,,,,,,,,,,,{ /* ペット装備 効果実装済み */ },{}
10014,pet,ロッカー眼鏡,4,2000,,0,,,,,,,,,,,,{ /* ペット装備 効果実装済み */ },{}
11616,heal,美味しいお肉,0,1000,,10,,,,,2074075135,2,,,1,,,{ /* ペット餌 効果実装済み */　itemheal 45,0; },{}
25231,item,不審なボトル,3,1000,,1,,,,,,,,,,,,{ /* ペット餌 効果実装済み */ },{}
25232,item,安い潤滑油,3,1000,,1,,,,,,,,,,,,{ /* ペット餌 効果実装済み */ },{}
25233,item,綿の玉,3,1000,,10,,,,,,,,,,,,{ /* ペット餌 効果実装済み */ },{}
25377,item,豪華なペットフード,3,10000,,1,,,,,,,,,,,,{ /* ペット餌 効果実装済み */ },{}
1000552,item,邪悪な水,3,1000,,1,,,,,,,,,,,,{ /* ペット餌 効果実装済み */ },{}
