//82,9,6,2,3,0,10,1,yes,0,0,0,magic,0,0,0,WZ_FIREIVY,ファイアアイビー
//239,0,0,0,0,0,10,0,no,0,0,0,none,0,0,0,AM_BIOTECHNOLOGY,生命工学研究
//240,0,0,0,0,0,5,0,no,0,0,0,none,0,0,0,AM_CREATECREATURE,被造物創造
//241,0,0,0,0,0,5,0,no,0,0,0,none,0,0,0,AM_CULTIVATION,カルティベイション
//242,0,0,0,0,0,5,0,no,0,0,0,none,0,0,0,AM_FLAMECONTROL,フレイムコントロール
//245,0,0,0,0,0,10,0,no,0,0,0,none,0,0,0,AM_DRILLMASTER,ドリルマスター
//246,0,0,0,0,0,10,0,no,0,0,0,none,0,0,0,AM_HEALHOMUN,ヒールホムンクルス
//314,0,0,0,0,0,1,1,no,0,0,0,misc,0,0,0,BD_RAGNAROK,神々の黄昏
//360,0,6,4,0,1,1,1,no,0,0,0,misc,0,0,0,LK_FURY,フューリー
//377,0,0,4,0,1,10,1,no,0,0,0,misc,0,0,0,ASC_HALLUCINATION,ハルシネーションウォーク
//385,0,0,4,0,1,1,1,yes,0,0,0,magic,0,0,0,WS_CREATECOIN,クリエイトコイン
//386,0,0,4,0,1,1,1,yes,0,0,0,magic,0,0,0,WS_CREATENUGGET,塊製造
//388,9,6,2,0,1,5,1,no,0,0,0,none,0,0,0,WS_SYSTEMCREATE,自動攻撃装置製作
//391,0,0,4,0,1,1,1,yes,0,0,0,magic,0,0,0,ST_STEALBACKPACK,スティールバックパック
//392,0,0,4,0,1,1,1,yes,0,0,0,magic,0,0,0,CR_ALCHEMY,アルケミー
//393,0,0,4,0,1,1,1,yes,0,0,0,magic,0,0,0,CR_SYNTHESISPOTION,ポーションシンセシス
//545,0,0,0,0,0,10,0,no,0,0,0,none,0,0,0,MB_FIGHTING,ファイティング
//546,0,0,0,0,0,10,0,no,0,0,0,none,0,0,0,MB_NEUTRAL,ニュートラル
//547,0,0,0,0,0,10,0,no,0,0,0,none,0,0,0,MB_TAIMING_PUTI,テイミングプティ
//548,0,0,0,0,0,10,0,no,0,0,0,none,0,0,0,MB_WHITEPOTION,ホワイトポーション
//549,0,0,0,0,0,10,0,no,0,0,0,none,0,0,0,MB_CARDPITCHER,カードピッチャー
//550,0,0,0,0,0,10,0,no,0,0,0,none,0,0,0,MB_MENTAL,メンタル
//551,0,0,0,0,0,10,0,no,0,0,0,none,0,0,0,MB_PETPITCHER,ペットピッチャー
//552,0,0,0,0,0,10,0,no,0,0,0,none,0,0,0,MB_BODYSTUDY,ボディスタディ
//553,0,0,0,0,0,10,0,no,0,0,0,none,0,0,0,MB_BODYALTER,ボディオルター
//554,0,0,0,0,0,10,0,no,0,0,0,none,0,0,0,MB_PETMEMORY,ペットメモリー
//555,0,0,0,0,0,10,0,no,0,0,0,none,0,0,0,MB_M_TELEPORT,テレポート
//556,0,0,0,0,0,10,0,no,0,0,0,none,0,0,0,MB_B_GAIN,ゲイン
//557,0,0,0,0,0,10,0,no,0,0,0,none,0,0,0,MB_M_GAIN,ゲイン
//558,0,0,0,0,0,10,0,no,0,0,0,none,0,0,0,MB_MISSION,ミッション
//559,0,0,0,0,0,10,0,no,0,0,0,none,0,0,0,MB_MUNAKKNOWLEDGE,ムナックノウリッジ
//560,0,0,0,0,0,10,0,no,0,0,0,none,0,0,0,MB_MUNAKBALL,ムナックボール
//561,0,0,0,0,0,10,0,no,0,0,0,none,0,0,0,MB_SCROLL,スクロール
//562,0,0,0,0,0,10,0,no,0,0,0,none,0,0,0,MB_B_GATHERING,ギャザリング
//563,0,0,0,0,0,10,0,no,0,0,0,none,0,0,0,MB_M_GATHERING,ギャザリング
//564,0,0,0,0,0,10,0,no,0,0,0,none,0,0,0,MB_B_EXCLUDE,エクスクルード
//565,0,0,0,0,0,10,0,no,0,0,0,none,0,0,0,MB_B_DRIFT,ドリフト
//566,0,0,0,0,0,10,0,no,0,0,0,none,0,0,0,MB_B_WALLRUSH,ウォールラッシュ
//567,0,0,0,0,0,10,0,no,0,0,0,none,0,0,0,MB_M_WALLRUSH,ウォールラッシュ
//568,0,0,0,0,0,10,0,no,0,0,0,none,0,0,0,MB_B_WALLSHIFT,ウォールシフト
//569,0,0,0,0,0,10,0,no,0,0,0,none,0,0,0,MB_M_WALLCRASH,ウォールクラッシュ
//570,0,0,0,0,0,10,0,no,0,0,0,none,0,0,0,MB_M_REINCARNATION,リインカーネーション
//571,0,0,0,0,0,10,0,no,0,0,0,none,0,0,0,MB_B_EQUIP,イクイップ
//572,9,6,16,0,1,5,1,yes,0,0,0,magic,0,0,0,SL_DEATHKNIGHT,デスナイトの魂
//573,9,6,16,0,1,5,1,yes,0,0,0,magic,0,0,0,SL_COLLECTOR,ダークコレクターの魂
//574,9,6,16,0,1,5,1,yes,0,0,0,magic,0,0,0,SL_NINJA,忍者の魂
//575,9,6,16,0,1,5,1,yes,0,0,0,magic,0,0,0,SL_GUNNER,ガンスリンガーの魂
//576,0,6,4,0,1,1,0,no,0,0,0,none,0,0,0,AM_TWILIGHT4,トワイライトファーマシー4
//578,0,0,0,0,0,10,0,no,0,0,0,none,0,0,0,DE_BERSERKAIZER,バーサーカイザー
//579,0,0,0,0,0,10,0,no,0,0,0,none,0,0,0,DA_DARKPOWER,ダークパワー
//580,0,0,0,0,0,10,0,no,0,0,0,none,0,0,0,DE_PASSIVE,パッシブ
//581,0,0,0,0,0,10,0,no,0,0,0,none,0,0,0,DE_PATTACK,アタック
//582,0,0,0,0,0,10,0,no,0,0,0,none,0,0,0,DE_PSPEED,スピード
//583,0,0,0,0,0,10,0,no,0,0,0,none,0,0,0,DE_PDEFENSE,ディフェンス
//584,0,0,0,0,0,10,0,no,0,0,0,none,0,0,0,DE_PCRITICAL,クリティカル
//585,0,0,0,0,0,10,0,no,0,0,0,none,0,0,0,DE_PHP,HP
//586,0,0,0,0,0,10,0,no,0,0,0,none,0,0,0,DE_PSP,SP
//587,0,0,0,0,0,10,0,no,0,0,0,none,0,0,0,DE_RESET,リセット
//588,0,0,0,0,0,10,0,no,0,0,0,none,0,0,0,DE_RANKING,ランキング
//589,0,0,0,0,0,10,0,no,0,0,0,none,0,0,0,DE_PTRIPLE,トリプル
//590,0,0,0,0,0,10,0,no,0,0,0,none,0,0,0,DE_ENERGY,エナジー
//591,0,0,0,0,0,10,0,no,0,0,0,none,0,0,0,DE_NIGHTMARE,ナイトメア
//592,0,0,0,0,0,10,0,no,0,0,0,none,0,0,0,DE_SLASH,スラッシュ
//593,0,0,0,0,0,10,0,no,0,0,0,none,0,0,0,DE_COIL,コイル
//594,0,0,0,0,0,10,0,no,0,0,0,none,0,0,0,DE_WAVE,ウェーブ
//595,0,0,0,0,0,10,0,no,0,0,0,none,0,0,0,DE_REBIRTH,リバース
//596,0,0,0,0,0,10,0,no,0,0,0,none,0,0,0,DE_AURA,オーラ
//597,0,0,0,0,0,10,0,no,0,0,0,none,0,0,0,DE_FREEZER,フリーザー
//598,0,0,0,0,0,10,0,no,0,0,0,none,0,0,0,DE_CHANGEATTACK,チェンジアタック
//599,0,0,0,0,0,10,0,no,0,0,0,none,0,0,0,DE_PUNISH,パニッシュ
//600,0,0,0,0,0,10,0,no,0,0,0,none,0,0,0,DE_POISON,ポイズン
//601,0,0,0,0,0,10,0,no,0,0,0,none,0,0,0,DE_INSTANT,インスタント
//602,0,0,0,0,0,10,0,no,0,0,0,none,0,0,0,DE_WARNING,ワーニング
//603,0,0,0,0,0,10,0,no,0,0,0,none,0,0,0,DE_RANKEDKNIFE,ランクドナイフ
//604,0,0,0,0,0,10,0,no,0,0,0,none,0,0,0,DE_RANKEDGRADIUS,ランクドグラディウス
//605,0,0,0,0,0,10,0,no,0,0,0,none,0,0,0,DE_GAUGE,オージェ
//606,0,0,0,0,0,10,0,no,0,0,0,none,0,0,0,DE_GTIME,タイム
//607,0,0,0,0,0,10,0,no,0,0,0,none,0,0,0,DE_GPAIN,ペイン
//608,0,0,0,0,0,10,0,no,0,0,0,none,0,0,0,DE_GSKILL,スキル
//609,0,0,0,0,0,10,0,no,0,0,0,none,0,0,0,DE_GKILL,キル
//610,0,0,0,0,0,10,0,no,0,0,0,none,0,0,0,DE_ACCEL,アクセル
//611,0,0,0,0,0,10,0,no,0,0,0,none,0,0,0,DE_BLOCKDOUBLE,ダブルブロック
//612,0,0,0,0,0,10,0,no,0,0,0,none,0,0,0,DE_BLOCKMELEE,メイレイブロック
//613,0,0,0,0,0,10,0,no,0,0,0,none,0,0,0,DE_BLOCKFAR,ファーブロック
//614,0,0,0,0,0,10,0,no,0,0,0,none,0,0,0,DE_FRONTATTACK,フロントアタック
//615,0,0,0,0,0,10,0,no,0,0,0,none,0,0,0,DE_DANGERATTACK,デンジャーアタック
//616,0,0,0,0,0,10,0,no,0,0,0,none,0,0,0,DE_TWINATTACK,ツインアタック
//617,0,0,0,0,0,10,0,no,0,0,0,none,0,0,0,DE_WINDATTACK,ウィンドアタック
//618,0,0,0,0,0,10,0,no,0,0,0,none,0,0,0,DE_WATERATTACK,ウォーターアタック
//619,0,0,0,0,0,10,0,no,0,0,0,none,0,0,0,DA_ENERGY,エナジー
//620,0,0,0,0,0,10,0,no,0,0,0,none,0,0,0,DA_CLOUD,クラウド
//621,0,0,0,0,0,10,0,no,0,0,0,none,0,0,0,DA_FIRSTSLOT,ファーストスロット
//622,0,0,0,0,0,10,0,no,0,0,0,none,0,0,0,DA_HEADDEF,ヘッドディフェンス
//623,0,0,0,0,0,10,0,no,0,0,0,none,0,0,0,DA_SPACE,スペース
//624,0,0,0,0,0,10,0,no,0,0,0,none,0,0,0,DA_TRANSFORM,トランスフォーム
//625,0,0,0,0,0,10,0,no,0,0,0,none,0,0,0,DA_EXPLOSION,エクスプロージョン
//626,0,0,0,0,0,10,0,no,0,0,0,none,0,0,0,DA_REWARD,リウォード
//627,0,0,0,0,0,10,0,no,0,0,0,none,0,0,0,DA_CRUSH,クラッシュ
//628,0,0,0,0,0,10,0,no,0,0,0,none,0,0,0,DA_ITEMREBUILD,アイテムリビルド
//629,0,0,0,0,0,10,0,no,0,0,0,none,0,0,0,DA_ILLUSION,イリュージョン
//630,0,0,0,0,0,10,0,no,0,0,0,none,0,0,0,DA_NEUTRALIZE,ニュートラライズ
//631,0,0,0,0,0,10,0,no,0,0,0,none,0,0,0,DA_RUNNER,ランナー
//632,0,0,0,0,0,10,0,no,0,0,0,none,0,0,0,DA_TRANSFER,トランスファー
//633,0,0,0,0,0,10,0,no,0,0,0,none,0,0,0,DA_WALL,ウォール
//635,0,0,0,0,0,10,0,no,0,0,0,none,0,0,0,DA_REVENGE,リベンジ
//636,0,0,0,0,0,10,0,no,0,0,0,none,0,0,0,DA_EARPLUG,イヤープラグ
//637,0,0,0,0,0,10,0,no,0,0,0,none,0,0,0,DA_CONTRACT,コントラクト
//638,0,0,0,0,0,10,0,no,0,0,0,none,0,0,0,DA_BLACK,ブラック
//639,0,0,0,0,0,10,0,no,0,0,0,none,0,0,0,DA_DREAM,ドリーム
//640,0,0,0,0,0,10,0,no,0,0,0,none,0,0,0,DA_MAGICCART,マジックカート
//641,0,0,0,0,0,10,0,no,0,0,0,none,0,0,0,DA_COPY,コピー
//642,0,0,0,0,0,10,0,no,0,0,0,none,0,0,0,DA_CRYSTAL,クリスタル
//643,0,0,0,0,0,10,0,no,0,0,0,none,0,0,0,DA_EXP,EXP
//644,0,0,0,0,0,10,0,no,0,0,0,none,0,0,0,DA_CARTSWING,カートスウィング
//645,0,0,0,0,0,10,0,no,0,0,0,none,0,0,0,DA_REBUILD,リビルド
//646,0,0,0,0,0,10,0,no,0,0,0,none,0,0,0,DA_JOBCHANGE,ジョブチェンジ
//647,0,0,0,0,0,10,0,no,0,0,0,none,0,0,0,DA_EDARKNESS,Eダークネス
//648,0,0,0,0,0,10,0,no,0,0,0,none,0,0,0,DA_EGUARDIAN,Eガーティアン
//649,0,0,0,0,0,10,0,no,0,0,0,none,0,0,0,DA_TIMEOUT,タイムアウト
//650,0,0,0,0,0,10,0,no,0,0,0,none,0,0,0,ALL_TIMEIN,タイムイン
//651,0,0,0,0,0,10,0,no,0,0,0,none,0,0,0,DA_ZENYRANK,ゼニーランク
//652,0,0,0,0,0,10,0,no,0,0,0,none,0,0,0,DA_ACCESSORYMIX,アクセサリーミックス
