// ID,Upper,Zone,Dropable,Sellable,Storageable,GuildStorageable,Cartable,Delay,Buyingable,Nonconsume
12784,0,0,1,0,0,1,1,0,0,0,0,0	//チョコレートドーナツ
15843,0,0,1,0,0,1,1,0,0,0,0,0	//[衣装] 熱賛のディナー
17217,0,0,1,0,0,1,1,0,0,0,0,0	//ドーナツBOX(50個)
17218,0,0,1,0,0,1,1,0,0,0,0,0	//ドーナツBOX(150個)

100112,0,0,1,0,0,1,1,0,0,0,1,0	//スキアの手紙
100113,0,0,1,0,0,1,1,0,0,0,1,0	//サラの手紙
100114,0,0,1,0,0,1,1,0,0,0,1,0	//イーブルの手紙
100158,0,16,0,0,0,0,0,0,0,0,0,0	//改良型ギア誘導ビーコン
100221,0,0,1,0,0,1,1,0,0,0,0,0	//飛行船乗りのパイプ
100222,0,0,1,0,0,1,1,0,0,0,0,0	//巨影の残滓
100280,0,0,1,1,0,1,1,0,0,0,1,0	//黄金の天使像
100315,0,0,1,0,1,1,1,0,0,0,0,0	//召喚の魔法書
100440,0,0,1,0,0,1,1,0,0,0,1,0	//永遠なる忠誠
100448,0,0,1,0,0,1,1,0,0,0,1,0	//セイレンの手紙
100449,0,0,1,0,0,1,1,0,0,0,1,0	//式の手紙
100450,0,0,1,0,0,1,1,0,0,0,1,0	//カプレーゼの手紙
100451,0,0,1,0,0,1,1,0,0,0,1,0	//S・J・アーネストウルフの手紙
100482,0,0,1,1,0,1,1,0,0,0,0,0	//コスたまAnimalsVII
100525,0,0,1,0,0,1,1,0,0,0,0,0	//コンブチャ
100526,0,0,1,0,0,1,1,0,0,0,0,0	//コンブチャケース(50個)
100527,0,0,1,0,0,1,1,0,0,0,0,0	//コンブチャケース(150個)
100558,0,0,1,0,0,1,1,0,0,0,0,0	//ハロウィンキャンディ
100559,0,0,1,0,0,1,1,0,0,0,0,0	//キャンディホルダー(50個)
100560,0,0,1,0,0,1,1,0,0,0,0,0	//キャンディホルダー(150個)
100587,0,0,1,0,0,1,1,0,0,0,0,0	//パワー・ゲイン
100588,0,0,1,0,0,1,1,0,0,0,0,0	//プロテイン・ケース(50食)
100589,0,0,1,0,0,1,1,0,0,0,0,0	//プロテイン・ケース(150食)
100642,0,0,1,0,0,1,1,0,0,0,0,0	//チョコカップケーキ
100643,0,0,1,0,0,1,1,0,0,0,0,0	//カップケーキBOX(50個)
100644,0,0,1,0,0,1,1,0,0,0,0,0	//カップケーキBOX(150個)
100685,0,0,1,0,0,1,1,0,0,0,0,0	//白酒
100692,0,0,1,0,0,1,1,0,0,0,0,0	//白酒の箱詰め(50壺)
100693,0,0,1,0,0,1,1,0,0,0,0,0	//白酒の箱詰め(150壺)
100729,0,0,1,1,0,1,1,0,0,0,0,0	//エンハンスキューブII(イルシオン)
100731,0,0,1,0,0,1,1,0,0,0,0,0	//キンダープンシュ
100732,0,0,1,0,0,1,1,0,0,0,0,0	//キンダープンシュの樽(50杯)
100733,0,0,1,0,0,1,1,0,0,0,0,0	//キンダープンシュの樽(150杯)
100734,0,0,1,0,0,1,1,0,0,0,0,0	//桜もち
100735,0,0,1,0,0,1,1,0,0,0,0,0	//桜もちの折箱(50個)
100736,0,0,1,0,0,1,1,0,0,0,0,0	//桜もちの折箱(150個)
100737,0,0,1,0,0,1,1,0,0,0,0,0	//オスカーの手紙
100738,0,0,1,0,0,1,1,0,0,0,0,0	//王女メアの手紙
100739,0,0,1,0,0,1,1,0,0,0,0,0	//スピーカの手紙
100740,0,0,1,0,0,1,1,0,0,0,0,0	//クトルラナックスの手紙
100754,0,0,1,0,0,1,1,0,0,0,0,0	//ポー秘蔵のやみつき絶品一口ケーキ
100811,0,0,1,0,0,1,1,0,0,0,0,0	//紅白饅頭(ポリンの舞)
100812,0,0,1,0,0,1,1,0,0,0,0,0	//めでたい風呂敷包み(50個入り)
100813,0,0,1,0,0,1,1,0,0,0,0,0	//めでたい風呂敷包み(150個入り)
100848,0,0,1,0,0,1,1,0,0,0,0,0	//ウォーターメロンプリン
100849,0,0,1,0,0,1,1,0,0,0,0,0	//ウォーターメロンバッグ(50個)
100850,0,0,1,0,0,1,1,0,0,0,0,0	//ウォーターメロンバッグ(150個)
101137,0,0,1,1,0,1,1,0,0,0,0,0	//アニバーサリーBOX
101169,0,22,1,0,0,1,1,0,0,0,0,0	//20周年記念花火
101286,0,0,1,1,0,1,1,0,0,0,0,0	//ローヤルゼリーパック
101287,0,0,1,1,0,1,1,0,0,0,0,0	//イグドラシルの実パック
101288,0,0,1,1,0,1,1,0,0,0,0,0	//イグドラシルの種パック
101289,0,0,1,1,0,1,1,0,0,0,0,0	//カボチャパイパック
101290,0,0,1,1,0,1,1,0,0,0,0,0	//アイテム鑑定Lv1の箱(30日)
101291,0,0,1,1,0,1,1,0,0,0,0,0	//グリードLv1の箱(30日)
101292,0,0,1,1,0,1,1,0,0,0,0,0	//リザレクションLv4の箱(30日)
101293,0,0,1,1,0,1,1,0,0,0,0,0	//アイテム鑑定Lv1(30日)
101294,0,0,1,1,0,1,1,0,0,0,0,0	//グリードLv1(30日)
101295,0,0,1,1,0,1,1,0,0,0,0,0	//リザレクションLv4(30日)
101425,0,0,1,0,0,1,1,0,0,0,0,0	//自動お掃除機オメガの手紙
101426,0,0,1,0,0,1,1,0,0,0,0,0	//教皇の手紙
101427,0,0,1,0,0,1,1,0,0,0,0,0	//古王グローザの手紙
101428,0,0,1,0,0,1,1,0,0,0,0,0	//ハンニャの手紙
101430,0,0,1,0,0,1,1,0,0,0,0,0	//ポリングの名刺
101522,0,0,1,0,0,1,1,0,0,0,0,0	//幻想叢書カード(アグネス)
101523,0,0,1,0,0,1,1,0,0,0,0,0	//幻想叢書カード(ヴェルナー)
101524,0,0,1,0,0,1,1,0,0,0,0,0	//幻想叢書カード(エレナ)
101525,0,0,1,0,0,1,1,0,0,0,0,0	//幻想叢書カード(ドブリス)
101710,0,0,1,0,1,1,1,0,0,0,0,0	//帰還の羽
101711,0,0,1,0,1,1,1,0,0,0,0,0	//ブルーブル
101712,0,0,1,0,1,1,1,0,0,0,0,0	//イエローブル
101713,0,0,1,0,1,1,1,0,0,0,0,0	//フラッシュ爆弾
101714,0,0,1,0,1,1,1,0,0,0,0,0	//ブラックホール
101715,0,0,1,0,1,1,1,0,0,0,0,0	//マッスルスター
101823,0,0,1,0,0,1,1,0,0,0,0,0	//煉獄のマッチ
102294,0,0,1,1,0,1,1,0,0,0,0,0	//エンハンスキューブII(グレイウルフ)
200007,0,0,1,1,0,1,1,0,0,0,0,0	//シャドウチェイサーVIPチケットの箱 [転生シーフ(ローグ)系専用]
200008,0,0,1,1,0,1,1,0,0,0,0,0	//シャドウチェイサーソウルの箱 [転生シーフ(ローグ)系専用]
200009,0,0,1,1,0,1,1,0,0,0,0,0	//コスたまMonstersVII
200010,0,0,1,1,0,1,1,0,0,0,0,0	//アークビショップVIPチケットの箱 [転生アコライト(プリースト)系専用]
200011,0,0,1,1,0,1,1,0,0,0,0,0	//アークビショップソウルの箱 [転生アコライト(プリースト)系専用]
200012,0,0,1,1,0,1,1,0,0,0,0,0	//コスたまAnimalsVI
200013,0,0,1,1,0,1,1,0,0,0,0,0	//イルシオンシリーズ選択交換チケットの箱
200014,0,0,1,1,0,1,1,0,0,0,0,0	//イルシオンチケットの箱
200015,0,0,1,1,0,1,1,0,0,0,0,0	//コスたまMoonRabbitII
200016,0,0,1,1,0,1,1,0,0,0,0,0	//ミンストレルVIPチケットの箱 [転生アーチャー(バード)系専用]
200017,0,0,1,1,0,1,1,0,0,0,0,0	//ミンストレルソウルの箱 [転生アーチャー(バード)系専用]
200018,0,0,1,1,0,1,1,0,0,0,0,0	//ワンダラーVIPチケットの箱 [転生アーチャー(ダンサー)系専用]
200019,0,0,1,1,0,1,1,0,0,0,0,0	//ワンダラーソウルの箱 [転生アーチャー(ダンサー)系専用]
200020,0,0,1,1,0,1,1,0,0,0,0,0	//コスたまHalloweenIV
200021,0,0,1,1,0,1,1,0,0,0,0,0	//ソーサラーVIPチケットの箱 [転生マジシャン(セージ)系専用]
200022,0,0,1,1,0,1,1,0,0,0,0,0	//ソーサラーソウルの箱 [転生マジシャン(セージ)系専用]
200023,0,0,1,1,0,1,1,0,0,0,0,0	//コスたまGothic&LolitaII
200024,0,0,1,1,0,1,1,0,0,0,0,0	//レンジャーVIPチケットの箱 [転生アーチャー(ハンター)系専用]
200025,0,0,1,1,0,1,1,0,0,0,0,0	//レンジャーソウルの箱 [転生アーチャー(ハンター)系専用]
200026,0,0,1,1,0,1,1,0,0,0,0,0	//コスたまHairCollectionV(明色)
200027,0,0,1,1,0,1,1,0,0,0,0,0	//コスたまHairCollectionV(暗色)
200028,0,0,1,1,0,1,1,0,0,0,0,0	//コスたまFrozenIV
200030,0,0,1,1,0,1,1,0,0,0,0,0	//コスたまGirlsSelectionVII
200034,0,0,1,1,0,1,1,0,0,0,0,0	//[2020年]高級オイルの箱
200035,0,0,1,1,0,1,1,0,0,0,0,0	//[2020summer] 歩羅七精錬フォースの箱
200036,0,0,1,1,0,1,1,0,0,0,0,0	//[2020summer] ドレッシークーポンの箱
200037,0,0,1,1,0,1,1,0,0,0,0,0	//思念体武器アップグレードチケットの箱
200038,0,0,1,1,0,1,1,0,0,0,0,0	//[2021年]ハロウィンチケットの箱
200039,0,0,1,1,0,1,1,0,0,0,0,0	//[2020年] ハロウィンチケットの箱
200040,0,0,1,1,0,1,1,0,0,0,0,0	//[2021]BitCashチケットの箱
200041,0,0,1,1,0,1,1,0,0,0,0,0	//[18thAnniversary]歩羅七精錬フォースの箱
200042,0,0,1,1,0,1,1,0,0,0,0,0	//[2021年]究極精錬チケットの箱
200043,0,0,1,1,0,1,1,0,0,0,0,0	//[2021年]高級オイルの箱
200044,0,0,1,1,1,1,1,0,0,0,0,0	//蜃気楼スペシャルドリンク
200045,0,0,1,1,0,1,1,0,0,0,0,0	//[18thAnniversary]ドレッシークーポンの箱
200048,0,0,1,1,0,1,1,0,0,0,0,0	//コスたまSchoolII
200052,0,0,1,1,0,1,1,0,0,0,0,0	//コスたまMaerchenII
200053,0,0,1,1,0,1,1,0,0,0,0,0	//コスたまHolyDarknessV
200057,0,0,1,1,0,1,1,0,0,0,0,0	//星帝VIPチケットの箱
200058,0,0,1,1,0,1,1,0,0,0,0,0	//星帝ソウルの箱
200059,0,0,1,1,0,1,1,0,0,0,0,0	//星帝転職チケットの箱
200060,0,0,1,1,0,1,1,0,0,0,0,0	//ソウルリーパーVIPチケットの箱
200061,0,0,1,1,0,1,1,0,0,0,0,0	//ソウルリーパーソウルの箱
200062,0,0,1,1,0,1,1,0,0,0,0,0	//ソウルリーパー転職チケットの箱
200063,0,0,1,1,0,1,1,0,0,0,0,0	//コスたまOriental
200065,0,0,1,1,0,1,1,0,0,0,0,0	//[2020] 特別チケットの箱
200066,0,0,1,1,0,1,1,0,0,0,0,0	//職業スペシャルチケットの箱
200067,0,0,1,1,0,1,1,0,0,0,0,0	//思念体武器アップグレードチケットの箱
200068,0,0,1,1,0,1,1,0,0,0,0,0	//コスたまSteampunkII
200089,0,0,1,1,0,1,1,0,0,0,0,0	//コスたまHairCollectionVI(暗色)
200096,0,0,1,1,0,1,1,0,0,0,0,0	//石片収集家チケットの箱
200101,0,0,1,1,0,1,1,0,0,0,0,0	//コスたまFrozenV
200102,0,0,1,1,0,1,1,0,0,0,0,0	//コスたまGirlsSelectionVIII
200104,0,0,1,1,0,1,1,0,0,0,0,0	//コスたまMonstersVIII
200105,0,0,1,1,0,1,1,0,0,0,0,0	//イルシオンチケットIIの箱
200106,0,0,1,1,0,1,1,0,0,0,0,0	//エンハンスキューブII(イルシオン)の箱
200107,0,0,1,1,0,1,1,0,0,0,0,0	//コスたまSpringPartyIV
200114,0,0,1,1,0,1,1,0,0,0,0,0	//[2021summer]歩羅七精錬フォースの箱
200115,0,0,1,1,0,1,1,0,0,0,0,0	//[2021summer]ドレッシークーポンの箱
200116,0,0,1,1,0,1,1,0,0,0,0,0	//コスたまHolyDarknessVI
200130,0,0,1,1,0,1,1,0,0,0,0,0	//コスたまSeasideIII
200132,0,0,1,1,0,1,1,0,0,0,0,0	//コスたまBurningII
200139,0,0,1,1,0,1,1,0,0,0,0,0	//[2021]特別チケットの箱
200142,0,0,1,1,0,1,1,0,0,0,0,0	//コスたまAnimalsVIII
200153,0,0,1,1,0,1,1,0,0,0,0,0	//コスたまHalloweenV
200154,0,0,1,1,0,1,1,0,0,0,0,0	//コスたまGourmet
200158,0,0,1,1,0,1,1,0,0,0,0,0	//復刻コスたまの箱
200165,0,0,1,1,0,1,1,0,0,0,0,0	//コスたまHairCollectionVII(明色)
200166,0,0,1,1,0,1,1,0,0,0,0,0	//[19thAnniversary]歩羅七精錬フォースの箱
200167,0,0,1,1,0,1,1,0,0,0,0,0	//[19thAnniversary]ドレッシークーポンの箱
200173,0,0,1,1,0,1,1,0,0,0,0,0	//コスたまFrozenVI
200184,0,0,1,1,0,1,1,0,0,0,0,0	//コスたまCute
200188,0,0,1,1,0,1,1,0,0,0,0,0	//[2022年]究極精錬チケットの箱
200189,0,0,1,1,0,1,1,0,0,0,0,0	//[2022]特別チケットの箱
200192,0,0,1,1,0,1,1,0,0,0,0,0	//コスたまMusicFes
200200,0,0,1,1,0,1,1,0,0,0,0,0	//コスたまFlowerGardenIII
200205,0,0,1,1,0,1,1,0,0,0,0,0	//コスたまCharactersIII
200206,0,0,1,1,0,1,1,0,0,0,0,0	//コスたまJuneBrideIII
200208,0,0,1,1,0,1,1,0,0,0,0,0	//[2022summer]歩羅七精錬フォースの箱
200209,0,0,1,1,0,1,1,0,0,0,0,0	//[2022summer]ドレッシークーポンの箱
200217,0,0,1,1,0,1,1,0,0,0,0,0	//コスたまGalaxy
200218,0,0,1,1,0,1,1,0,0,0,0,0	//コスたまAdventure
200222,0,0,1,1,0,1,1,0,0,0,0,0	//[2022]特別チケットの箱(Autumn)
200223,0,0,1,1,0,1,1,0,0,0,0,0	//コスたまOrientalII
200228,0,0,1,1,0,1,1,0,0,0,0,0	//コスたまHalloweenVI
200232,0,0,1,1,0,1,1,0,0,0,0,0	//コスたま20thAnniversary
200234,0,0,1,1,0,1,1,0,0,0,0,0	//[20thAnniversary]歩羅七精錬フォースの箱
200235,0,0,1,1,0,1,1,0,0,0,0,0	//[20thAnniversary]ドレッシークーポンの箱
200248,0,0,1,1,0,1,1,0,0,0,0,0	//[2023]復刻コスたまの箱(Season1)
200249,0,0,1,1,0,1,1,0,0,0,0,0	//[2023]復刻コスたま引換券(Season1)11個の箱
200250,0,0,1,1,0,1,1,0,0,0,0,0	//[2023]復刻コスたまの箱(Season2)
200251,0,0,1,1,0,1,1,0,0,0,0,0	//[2023]復刻コスたま引換券(Season2)11個の箱
200252,0,0,1,1,0,1,1,0,0,0,0,0	//[2023]復刻コスたまの箱(Season3)
200253,0,0,1,1,0,1,1,0,0,0,0,0	//[2023]復刻コスたま引換券(Season3)11個の箱
200265,0,0,1,1,0,1,1,0,0,0,0,0	//コスたまHairCollectionVIII(明色)
200266,0,0,1,1,0,1,1,0,0,0,0,0	//コスたまHairCollectionVIII(暗色)
200277,0,0,1,1,0,1,1,0,0,0,0,0	//コスたまFrozenVII
200278,0,0,1,1,0,1,1,0,0,0,0,0	//コスたまCuteII
200279,0,0,1,1,0,1,1,0,0,0,0,0	//[2023年]究極精錬お楽しみチケットの箱
200290,0,0,1,1,0,1,1,0,0,0,0,0	//コスたまMonstersIX
200294,0,0,1,1,0,1,1,0,0,0,0,0	//コスたまSpringPartyV
200295,0,0,1,1,0,1,1,0,0,0,0,0	//祈りの方向チケットの箱
200302,0,0,1,1,0,1,1,0,0,0,0,0	//キューペットボックス抽選券交換チケットの箱
200303,0,0,1,1,0,1,1,0,0,0,0,0	//コスたまMaerchenIII
200304,0,0,1,1,0,1,1,0,0,0,0,0	//エンハンスキューブII(グレイウルフ)の箱
200311,0,0,1,1,0,1,1,0,0,0,0,0	//コスたまRoyalII
200315,0,0,1,1,0,1,1,0,0,0,0,0	//[2023summer]歩羅七精錬フォースの箱
200316,0,0,1,1,0,1,1,0,0,0,0,0	//[2023summer]ドレッシークーポンの箱
200317,0,0,1,1,0,1,1,0,0,0,0,0	//コスたまSeasideIV
200318,0,0,1,1,0,1,1,0,0,0,0,0	//[2023]特別チケットの箱
200319,0,0,1,1,0,1,1,0,0,0,0,0	//[2023年]ジューンブライドチケットの箱
200320,0,0,1,1,0,1,1,0,0,0,0,0	//コスたまSummerParty

300001,0,0,0,0,0,0,0,0,0,1,0,0	//ポイゾナスカード
300002,0,0,0,0,0,0,0,0,0,1,0,0	//トキシャスカード
300003,0,0,0,0,0,0,0,0,0,1,0,0	//ホワイトポルセリオカード
300004,0,0,0,0,0,0,0,0,0,1,0,0	//ネオミネラルカード
300005,0,0,0,0,0,0,0,0,0,1,0,0	//アビスマンカード
300006,0,0,0,0,0,0,0,0,0,1,0,0	//ジュエリーアントカード
300007,0,0,0,0,0,0,0,0,0,1,0,0	//ジュゴリアントカード
300008,0,0,0,0,0,0,0,0,0,1,0,0	//エンジェゴルトカード
300009,0,0,0,0,0,0,0,0,0,1,0,0	//スペクトラムプラズマカード
300010,0,0,0,0,0,0,0,0,0,1,0,0	//アークプラズマカード
300011,0,0,0,0,0,0,0,0,0,1,0,0	//ホーリープルスカード
300012,0,0,0,0,0,0,0,0,0,1,0,0	//ホーリースコグルカード
300013,0,0,0,0,0,0,0,0,0,1,0,0	//レギンレイヴカード
300014,0,0,0,0,0,0,0,0,0,1,0,0	//イングリッドカード
300015,0,0,0,0,0,0,0,0,0,1,0,0	//パープルペロスカード
300016,0,0,0,0,0,0,0,0,0,1,0,0	//トレジャーミミックカード
300017,0,0,0,0,0,0,0,0,0,1,0,0	//ブラックオシドスカード
300018,0,0,0,0,0,0,0,0,0,1,0,0	//シルバーオシドスカード
300019,0,0,0,0,0,0,0,0,0,1,0,0	//ボーンペロスカード
300020,0,0,0,0,0,0,0,0,0,1,0,0	//ボーンオシドスカード
300021,0,0,0,0,0,0,0,0,0,1,0,0	//ボーンデータルザウルスカード
300076,0,0,0,0,0,0,0,0,0,1,0,0	//故障した警備型ベータカード
300077,0,0,0,0,0,0,0,0,0,1,0,0	//故障した自動お掃除機Ωカード
300078,0,0,0,0,0,0,0,0,0,1,0,0	//スウィーティカード
300079,0,0,0,0,0,0,0,0,0,1,0,0	//レッドペッパーカッパカード
300080,0,0,0,0,0,0,0,0,0,1,0,0	//レッドペッパーラムダカード
300081,0,0,0,0,0,0,0,0,0,1,0,0	//研究助手自動人形カード
300082,0,0,0,0,0,0,0,0,0,1,0,0	//上級研究助手自動人形カード
300083,0,0,0,0,0,0,0,0,0,1,0,0	//ドライラフレシアカード
300084,0,0,0,0,0,0,0,0,0,1,0,0	//上級ドライラフレシアカード
300085,0,0,0,0,0,0,0,0,0,1,0,0	//特製アーノルディカード
300086,0,0,0,0,0,0,0,0,0,1,0,0	//上級特製アーノルディカード
300087,0,0,0,0,0,0,0,0,0,1,0,0	//故障した庭師ベータカード
300088,0,0,0,0,0,0,0,0,0,1,0,0	//故障した上級庭師ベータカード
300089,0,0,0,0,0,0,0,0,0,1,0,0	//ベルポルタカード
300090,0,0,0,0,0,0,0,0,0,1,0,0	//ベルポルテカード
300091,0,0,0,0,0,0,0,0,0,1,0,0	//パピラカード
300092,0,0,0,0,0,0,0,0,0,1,0,0	//上級パピラカード
300093,0,0,0,0,0,0,0,0,0,1,0,0	//パピラルバカード
300094,0,0,0,0,0,0,0,0,0,1,0,0	//上級パピラルバカード
300095,0,0,0,0,0,0,0,0,0,1,0,0	//パピラカイカード
300096,0,0,0,0,0,0,0,0,0,1,0,0	//上級パピラカイカード
300097,0,0,0,0,0,0,0,0,0,1,0,0	//ブルーアリエスカード
300098,0,0,0,0,0,0,0,0,0,1,0,0	//レッドアリエスカード
300099,0,0,0,0,0,0,0,0,0,1,0,0	//シルヴァパピリアカード
300100,0,0,0,0,0,0,0,0,0,1,0,0	//グランパピリアカード
300101,0,0,0,0,0,0,0,0,0,1,0,0	//故障した清掃型βカード
300102,0,0,0,0,0,0,0,0,0,1,0,0	//浴場管理者ベータカード
300103,0,0,0,0,0,0,0,0,0,1,0,0	//青衿のヒメカード
300104,0,0,0,0,0,0,0,0,0,1,0,0	//ブックワームカード
300105,0,0,0,0,0,0,0,0,0,1,0,0	//徘徊する魔導書カード
300106,0,0,0,0,0,0,0,0,0,1,0,0	//レッドピタヤカード
300107,0,0,0,0,0,0,0,0,0,1,0,0	//ボスピタヤカード
300108,0,0,0,0,0,0,0,0,0,1,0,0	//下水ヴェネヌムカード
300109,0,0,0,0,0,0,0,0,0,1,0,0	//下水クランプカード
300110,0,0,0,0,0,0,0,0,0,1,0,0	//下水ウォーターフォールカード
300111,0,0,0,0,0,0,0,0,0,1,0,0	//エリートベラレカード
300112,0,0,0,0,0,0,0,0,0,1,0,0	//魔力中毒ドロールカード
300113,0,0,0,0,0,0,0,0,0,1,0,0	//解放された魔力カード
300114,0,0,0,0,0,0,0,0,0,1,0,0	//魔力中毒プラガカード
300115,0,0,0,0,0,0,0,0,0,1,0,0	//魔力中毒サナレカード
300116,0,0,0,0,0,0,0,0,0,1,0,0	//強力な魔力カード
300117,0,0,0,0,0,0,0,0,0,1,0,0	//鋭い魔力カード
300118,0,0,0,0,0,0,0,0,0,1,0,0	//熱湯フェンカード
300119,0,0,0,0,0,0,0,0,0,1,0,0	//熱湯ソードフィッシュカード
300120,0,0,0,0,0,0,0,0,0,1,0,0	//熱湯ピラニアカード
300121,0,0,0,0,0,0,0,0,0,1,0,0	//熱湯マルクカード
300122,0,0,0,0,0,0,0,0,0,1,0,0	//イエローピタヤカード
300123,0,0,0,0,0,0,0,0,0,1,0,0	//パープルピタヤカード
300124,0,0,0,0,0,0,0,0,0,1,0,0	//ブルーピタヤカード
300125,0,0,0,0,0,0,0,0,0,1,0,0	//グリーンピタヤカード
300131,0,0,0,0,0,0,0,0,0,1,0,0	//正義のカード(逆位置)
300132,0,0,0,0,0,0,0,0,0,1,0,0	//星のカード(逆位置)
300133,0,0,0,0,0,0,0,0,0,1,0,0	//節制のカード(逆位置)
300134,0,0,0,0,0,0,0,0,0,1,0,0	//戦車のカード(逆位置)
300135,0,0,0,0,0,0,0,0,0,1,0,0	//死神のカード(逆位置)
300136,0,0,0,0,0,0,0,0,0,1,0,0	//恋人のカード(逆位置)
300137,0,0,0,0,0,0,0,0,0,1,0,0	//王女メアカード
300138,0,0,0,0,0,0,0,0,0,1,0,0	//半龍王女メアカード
300139,0,0,0,0,0,0,0,0,0,1,0,0	//封印された月夜花カード
300140,0,0,0,0,0,0,0,0,0,1,0,0	//深海のスロフォカード
300141,0,0,0,0,0,0,0,0,0,1,0,0	//深海のオボンヌカード
300142,0,0,0,0,0,0,0,0,0,1,0,0	//深海のデビアスカード
300143,0,0,0,0,0,0,0,0,0,1,0,0	//深海のマルスカード
300144,0,0,0,0,0,0,0,0,0,1,0,0	//深海の半漁人カード
300145,0,0,0,0,0,0,0,0,0,1,0,0	//深海の魔女カード
300146,0,0,0,0,0,0,0,0,0,1,0,0	//深海のセドラカード
300147,0,0,0,0,0,0,0,0,0,1,0,0	//深海のソードフィッシュカード
300148,0,0,0,0,0,0,0,0,0,1,0,0	//深海のストラウフカード
300149,0,0,0,0,0,0,0,0,0,1,0,0	//深海のフェンカード
300150,0,0,0,0,0,0,0,0,0,1,0,0	//深海のキングドラモカード
300151,0,0,0,0,0,0,0,0,0,1,0,0	//深海のクラーケンカード
300163,0,0,0,0,0,0,0,0,0,1,0,0	//皇帝のカード(逆位置)
300164,0,0,0,0,0,0,0,0,0,1,0,0	//力のカード(逆位置)
300165,0,0,0,0,0,0,0,0,0,1,0,0	//悪魔のカード(逆位置)
300166,0,0,0,0,0,0,0,0,0,1,0,0	//月のカード(逆位置)
300167,0,0,0,0,0,0,0,0,0,1,0,0	//運命の輪のカード(逆位置)
300168,0,0,0,0,0,0,0,0,0,1,0,0	//世界のカード(逆位置)
300170,0,0,0,0,0,0,0,0,0,1,0,0	//腐った木カード
300171,0,0,0,0,0,0,0,0,0,1,0,0	//グレイヴワームカード
300172,0,0,0,0,0,0,0,0,0,1,0,0	//ブレインサッカーカード
300173,0,0,0,0,0,0,0,0,0,1,0,0	//モスキロカード
300174,0,0,0,0,0,0,0,0,0,1,0,0	//溶解したポリンカード
300175,0,0,0,0,0,0,0,0,0,1,0,0	//得体の知れない生命体カード
300177,0,0,0,0,0,0,0,0,0,1,0,0	//真夜中のアルヒカード
300178,0,0,0,0,0,0,0,0,0,1,0,0	//真夜中のアネモスカード
300179,0,0,0,0,0,0,0,0,0,1,0,0	//真夜中のカネイリーカード
300180,0,0,0,0,0,0,0,0,0,1,0,0	//真夜中のコスルリースカード
300181,0,0,0,0,0,0,0,0,0,1,0,0	//真夜中のスニキカード
300182,0,0,0,0,0,0,0,0,0,1,0,0	//真夜中のフェモンカード
300183,0,0,0,0,0,0,0,0,0,1,0,0	//真夜中のオルドルカード
300184,0,0,0,0,0,0,0,0,0,1,0,0	//真夜中のハゼカード
300185,0,0,0,0,0,0,0,0,0,1,0,0	//真夜中の黒魔カード
300186,0,0,0,0,0,0,0,0,0,1,0,0	//真夜中のイフォドスカード
300187,0,0,0,0,0,0,0,0,0,1,0,0	//真夜中のユメヒメカード
300188,0,0,0,0,0,0,0,0,0,1,0,0	//真夜中のレチェニエカード
300189,0,0,0,0,0,0,0,0,0,1,0,0	//真夜中のジューカード
300190,0,0,0,0,0,0,0,0,0,1,0,0	//真夜中のカナビアンカード
300191,0,0,0,0,0,0,0,0,0,1,0,0	//真夜中のディワイカード
300211,0,0,0,0,0,0,0,0,0,1,0,0	//アッシュトードカード
300212,0,0,0,0,0,0,0,0,0,1,0,0	//ラケソンカード
300213,0,0,0,0,0,0,0,0,0,1,0,0	//ヴァルティカード
300214,0,0,0,0,0,0,0,0,0,1,0,0	//ホットモルカード
300215,0,0,0,0,0,0,0,0,0,1,0,0	//ボルケリンカード
300216,0,0,0,0,0,0,0,0,0,1,0,0	//ラーヴァトードカード
300217,0,0,0,0,0,0,0,0,0,1,0,0	//バーニングファングカード
300218,0,0,0,0,0,0,0,0,0,1,0,0	//アッシュホッパーカード
300219,0,0,0,0,0,0,0,0,0,1,0,0	//アッシュリンカード
300220,0,0,0,0,0,0,0,0,0,1,0,0	//グレイウルフカード
300221,0,0,0,0,0,0,0,0,0,1,0,0	//シゲリンカード
300222,0,0,0,0,0,0,0,0,0,1,0,0	//ファイアウィンドカイトカード
300223,0,0,0,0,0,0,0,0,0,1,0,0	//ファントムウルフカード
300224,0,0,0,0,0,0,0,0,0,1,0,0	//ニーヒル・M・ハイネン(サイン入り)カード
300225,0,0,0,0,0,0,0,0,0,1,0,0	//スピーカ・ネリウス(サイン入り)カード
300226,0,0,0,0,0,0,0,0,0,1,0,0	//スキア・ネリウス(サイン入り)カード
300227,0,0,0,0,0,0,0,0,0,1,0,0	//シュランカード
300228,0,0,0,0,0,0,0,0,0,1,0,0	//デミフレイヤカード
300229,0,0,0,0,0,0,0,0,0,1,0,0	//Extra Str
300230,0,0,0,0,0,0,0,0,0,1,0,0	//真面目なアンドレカード
300231,0,0,0,0,0,0,0,0,0,1,0,0	//真面目な兵隊アンドレカード
300232,0,0,0,0,0,0,0,0,0,1,0,0	//真面目なアンドレの幼虫カード
300233,0,0,0,0,0,0,0,0,0,1,0,0	//真面目なデニーロカード
300234,0,0,0,0,0,0,0,0,0,1,0,0	//真面目なピエールカード
300235,0,0,0,0,0,0,0,0,0,1,0,0	//ぐにゃぐにゃした蟻の卵カード
300236,0,0,0,0,0,0,0,0,0,1,0,0	//度胸のあるガイアスカード
300237,0,0,0,0,0,0,0,0,0,1,0,0	//度胸のあるファミリアーカード
300238,0,0,0,0,0,0,0,0,0,1,0,0	//真面目なビタタカード
300239,0,0,0,0,0,0,0,0,0,1,0,0	//無口なマヤーカード
300240,0,0,0,0,0,0,0,0,0,1,0,0	//ガンキャンカード
300241,0,0,0,0,0,0,0,0,0,1,0,0	//ブルータルマーダーカード
300242,0,0,0,0,0,0,0,0,0,1,0,0	//ゴーストキューブカード
300243,0,0,0,0,0,0,0,0,0,1,0,0	//ルードガルカード
300244,0,0,0,0,0,0,0,0,0,1,0,0	//ディスガイザーカード
300245,0,0,0,0,0,0,0,0,0,1,0,0	//ブルームーンロリルリカード
300246,0,0,0,0,0,0,0,0,0,1,0,0	//グロートカード
300247,0,0,0,0,0,0,0,0,0,1,0,0	//ピエロゾイストカード
300248,0,0,0,0,0,0,0,0,0,1,0,0	//死の大魔女カード
300249,0,0,0,0,0,0,0,0,0,1,0,0	//ジャイアント・カプトゥカード
300250,0,0,0,0,0,0,0,0,0,1,0,0	//ドローリアンカード
300251,0,0,0,0,0,0,0,0,0,1,0,0	//プラガリオンカード
300252,0,0,0,0,0,0,0,0,0,1,0,0	//デッドレカード
300253,0,0,0,0,0,0,0,0,0,1,0,0	//ヴェネディカード
300254,0,0,0,0,0,0,0,0,0,1,0,0	//変異キメラアミテラカード
300255,0,0,0,0,0,0,0,0,0,1,0,0	//変異キメラリートゥスカード
300256,0,0,0,0,0,0,0,0,0,1,0,0	//変異キメラフィリアカード
300257,0,0,0,0,0,0,0,0,0,1,0,0	//変異キメラヴァニラクスカード
300258,0,0,0,0,0,0,0,0,0,1,0,0	//変異キメララーヴァカード
300259,0,0,0,0,0,0,0,0,0,1,0,0	//変異キメラフルゴルカード
300260,0,0,0,0,0,0,0,0,0,1,0,0	//変異キメラナペオカード
300261,0,0,0,0,0,0,0,0,0,1,0,0	//変異キメラガレンシスカード
300262,0,0,0,0,0,0,0,0,0,1,0,0	//変異キメラ・ザ・ワンカード
300267,0,0,0,0,0,0,0,0,0,1,0,0	//クロウバロンカード
300268,0,0,0,0,0,0,0,0,0,1,0,0	//クロウデュークカード
300269,0,0,0,0,0,0,0,0,0,1,0,0	//エルディストカード
300270,0,0,0,0,0,0,0,0,0,1,0,0	//共感する者カード
300271,0,0,0,0,0,0,0,0,0,1,0,0	//幸福を与える者カード
300272,0,0,0,0,0,0,0,0,0,1,0,0	//祈る者カード
300273,0,0,0,0,0,0,0,0,0,1,0,0	//微笑む者カード
300274,0,0,0,0,0,0,0,0,0,1,0,0	//タナトスの記憶(憤怒)カード
300275,0,0,0,0,0,0,0,0,0,1,0,0	//タナトスの記憶(恐怖)カード
300276,0,0,0,0,0,0,0,0,0,1,0,0	//タナトスの記憶(後悔)カード
300277,0,0,0,0,0,0,0,0,0,1,0,0	//タナトスの記憶(怨望)カード
300278,0,0,0,0,0,0,0,0,0,1,0,0	//ヴォイドミミックカード
300279,0,0,0,0,0,0,0,0,0,1,0,0	//ブックオブデスカード
300280,0,0,0,0,0,0,0,0,0,1,0,0	//破損したタナトスの記憶カード
300281,0,0,0,0,0,0,0,0,0,1,0,0	//R001-ベスティアカード
300282,0,0,0,0,0,0,0,0,0,1,0,0	//隠者のカード(逆位置)
300283,0,0,0,0,0,0,0,0,0,1,0,0	//愚者のカード(逆位置)
300284,0,0,0,0,0,0,0,0,0,1,0,0	//法王のカード(逆位置)
300285,0,0,0,0,0,0,0,0,0,1,0,0	//吊るされた男のカード(逆位置)
300286,0,0,0,0,0,0,0,0,0,1,0,0	//女教皇のカード
300287,0,0,0,0,0,0,0,0,0,1,0,0	//女教皇のカード(逆位置)
300288,0,0,0,0,0,0,0,0,0,1,0,0	//塔のカード
300289,0,0,0,0,0,0,0,0,0,1,0,0	//塔のカード(逆位置)
300304,0,0,0,0,0,0,0,0,0,1,0,0	//再誕
300305,0,0,0,0,0,0,0,0,0,1,0,0	//近物反射5%
300306,0,0,0,0,0,0,0,0,0,1,0,0	//不屈
300307,0,0,0,0,0,0,0,0,0,1,0,0	//マイアーカード
300308,0,0,0,0,0,0,0,0,0,1,0,0	//マイアー・レベンブルグカード
300309,0,0,0,0,0,0,0,0,0,1,0,0	//ヘルムトカード
300310,0,0,0,0,0,0,0,0,0,1,0,0	//ヘルムト・レベンブルグカード
300311,0,0,1,1,1,1,1,0,0,0,0,0	//恐怖耐性
300312,0,0,1,1,1,1,1,0,0,0,0,0	//混乱耐性
300313,0,0,1,1,1,1,1,0,0,0,0,0	//睡眠耐性
300314,0,0,1,1,1,1,1,0,0,0,0,0	//理性と記憶の残滓
300315,0,0,1,1,1,1,1,0,0,0,0,0	//レジストファイア
300316,0,0,1,1,1,1,1,0,0,0,0,0	//レジストウィンド
300317,0,0,1,1,1,1,1,0,0,0,0,0	//レジストアース
300318,0,0,0,0,0,0,0,0,0,1,0,0	//封印されたイグニゼム=セニア（MVP）カード
300319,0,0,0,0,0,0,0,0,0,1,0,0	//封印されたエドガカード
300320,0,0,0,0,0,0,0,0,0,1,0,0	//封印されたオシリスカード
300321,0,0,0,0,0,0,0,0,0,1,0,0	//封印されたオークヒーローカード
300322,0,0,0,0,0,0,0,0,0,1,0,0	//封印されたオークロードカード
300323,0,0,0,0,0,0,0,0,0,1,0,0	//封印されたドッペルゲンガーカード
300324,0,0,0,0,0,0,0,0,0,1,0,0	//封印されたドレイクカード
300325,0,0,0,0,0,0,0,0,0,1,0,0	//封印されたバフォメットカード
300326,0,0,0,0,0,0,0,0,0,1,0,0	//封印されたフリオニカード
300327,0,0,0,0,0,0,0,0,0,1,0,0	//封印されたマヤーカード
300328,0,0,0,0,0,0,0,0,0,1,0,0	//封印されたミストレスカード
300330,0,0,0,0,0,0,0,0,0,1,0,0	//封印されたアトロスカード
300331,0,0,0,0,0,0,0,0,0,1,0,0	//封印されたイフリートカード
300332,0,0,0,0,0,0,0,0,0,1,0,0	//封印されたグルームアンダーナイトカード
300334,0,0,0,0,0,0,0,0,0,1,0,0	//封印された堕ちた大神官ヒバムカード
300335,0,0,0,0,0,0,0,0,0,1,0,0	//封印された女王スカラバカード
300337,0,0,0,0,0,0,0,0,0,1,0,0	//封印された女帝スカラバカード
300338,0,0,0,0,0,0,0,0,0,1,0,0	//封印された魔剣士タナトスの思念体カード
300339,0,0,0,0,0,0,0,0,0,1,0,0	//封印された汚染されたダークロードカード
300340,0,0,0,0,0,0,0,0,0,1,0,0	//封印された汚染されたブリナラネアカード
300341,0,0,0,0,0,0,0,0,0,1,0,0	//封印された硬化ムスペルスコールカード
300343,0,0,0,0,0,0,0,0,0,1,0,0	//封印されたタイムホルダーカード
300344,0,0,0,0,0,0,0,0,0,1,0,0	//封印されたボミカード
300345,0,0,0,0,0,0,0,0,0,1,0,0	//封印された怒りの月夜花カード
300346,0,0,0,0,0,0,0,0,0,1,0,0	//封印された怒りのドラキュラカード
300348,0,0,0,0,0,0,0,0,0,1,0,0	//封印されたアメンホテプカード
300349,0,0,0,0,0,0,0,0,0,1,0,0	//封印された古のタオグンカカード
300350,0,0,0,0,0,0,0,0,0,1,0,0	//封印された輝くベアドールカード
300351,0,0,0,0,0,0,0,0,0,1,0,0	//封印された古のウータンガードカード
300352,0,0,0,0,0,0,0,0,0,1,0,0	//封印された覚醒クトルラナックスカード
300353,0,0,0,0,0,0,0,0,0,1,0,0	//封印された混沌のバフォメットカード
300354,0,0,0,0,0,0,0,0,0,1,0,0	//封印された深海のクラーケンカード
300355,0,0,0,0,0,0,0,0,0,1,0,0	//封印された不吉なタートルGカード
300356,0,0,0,0,0,0,0,0,0,1,0,0	//アグネス・レベンブルグ(サイン入り)カード
300357,0,0,0,0,0,0,0,0,0,1,0,0	//ポー・リハルト(サイン入り)カード
300358,0,0,0,0,0,0,0,0,0,1,0,0	//アイザック・ウィグナー(サイン入り)カード
300386,0,0,1,1,1,1,1,0,0,0,0,0	//破砕
300387,0,0,1,1,1,1,1,0,0,0,0,0	//魔刃
300389,0,0,1,1,1,1,1,0,0,0,0,0	//黒翼の使徒
300392,0,0,0,0,0,0,0,0,0,1,0,0	//封印されたストームナイトカード
300393,0,0,0,0,0,0,0,0,0,1,0,0	//封印されたタートルジェネラルカード
300394,0,0,0,0,0,0,0,0,0,1,0,0	//封印されたドラキュラカード
300395,0,0,0,0,0,0,0,0,0,1,0,0	//封印されたヴェスパーカード
300396,0,0,0,0,0,0,0,0,0,1,0,0	//封印されたキエル-D-01カード
300397,0,0,0,0,0,0,0,0,0,1,0,0	//封印されたファラオカード
300398,0,0,0,0,0,0,0,0,0,1,0,0	//封印されたRSX-0806カード
300399,0,0,0,0,0,0,0,0,0,1,0,0	//封印されたデータルザウルスカード
300400,0,0,0,0,0,0,0,0,0,1,0,0	//封印されたハティーカード
300401,0,0,0,0,0,0,0,0,0,1,0,0	//封印されたアモンラーカード
300402,0,0,0,0,0,0,0,0,0,1,0,0	//封印されたボイタタカード
300403,0,0,0,0,0,0,0,0,0,1,0,0	//封印された怨霊武士カード
300404,0,0,0,0,0,0,0,0,0,1,0,0	//封印されたペクソジンカード
300405,0,0,0,0,0,0,0,0,0,1,0,0	//封印された黒蛇王カード
300406,0,0,0,0,0,0,0,0,0,1,0,0	//封印されたゴピニクカード
300407,0,0,0,0,0,0,0,0,0,1,0,0	//封印されたタオグンカカード
300408,0,0,0,0,0,0,0,0,0,1,0,0	//封印されたレヤックカード
300409,0,0,0,0,0,0,0,0,0,1,0,0	//封印されたレディータニーカード
300410,0,0,0,0,0,0,0,0,0,1,0,0	//メロリンカード
300411,0,0,0,0,0,0,0,0,0,1,0,0	//堕メロリンカード
300420,0,0,0,0,0,0,0,0,0,1,0,0	//迷宮のヴェルゼブブカード
300421,0,0,0,0,0,0,0,0,0,1,0,0	//キャサリンカード
300422,0,0,0,0,0,0,0,0,0,1,0,0	//キャサリン・ゲオルグカード
300423,0,0,0,0,0,0,0,0,0,1,0,0	//フリードリヒカード
300424,0,0,0,0,0,0,0,0,0,1,0,0	//フリードリヒ・ハイネンカード
300425,0,0,0,0,0,0,0,0,0,1,0,0	//クルックスカード
300426,0,0,0,0,0,0,0,0,0,1,0,0	//クルックス・ファインデルカード
300451,0,0,0,0,0,0,0,0,0,1,0,0	//キャサリン・ゲオルグ(サイン入り)カード
300452,0,0,0,0,0,0,0,0,0,1,0,0	//フリードリヒ・ハイネン(サイン入り)カード
300453,0,0,0,0,0,0,0,0,0,1,0,0	//クロネカー・ハイネン(サイン入り)カード
310012,0,0,1,1,1,1,1,0,0,0,0,0	//死の欲動
310075,0,0,1,1,1,1,1,0,0,0,0,0	//グリード詠唱 - 100%
310082,0,0,1,1,1,1,1,0,0,0,0,0	//Q-Normal
310083,0,0,1,1,1,1,1,0,0,0,0,0	//Q-Boss
310084,0,0,1,1,1,1,1,0,0,0,0,0	//B-Vit
310085,0,0,1,1,1,1,1,0,0,0,0,0	//B-Luk
310086,0,0,1,1,1,1,1,0,0,0,0,0	//B-Str
310087,0,0,1,1,1,1,1,0,0,0,0,0	//B-Agi
310088,0,0,1,1,1,1,1,0,0,0,0,0	//B-Int
310089,0,0,1,1,1,1,1,0,0,0,0,0	//B-Dex
310090,0,0,1,1,1,1,1,0,0,0,0,0	//A-Reflect
310091,0,0,1,1,1,1,1,0,0,0,0,0	//A-SPCost
310092,0,0,1,1,1,1,1,0,0,0,0,0	//P-Petrifaction
310093,0,0,1,1,1,1,1,0,0,0,0,0	//P-Curse
310094,0,0,1,1,1,1,1,0,0,0,0,0	//P-Sleep
310095,0,0,1,1,1,1,1,0,0,0,0,0	//P-Confuse
310096,0,0,1,1,1,1,1,0,0,0,0,0	//P-Silence
310097,0,0,1,1,1,1,1,0,0,0,0,0	//P-Fear
310098,0,0,1,1,1,1,1,0,0,0,0,0	//P-Ignition
310099,0,0,1,1,1,1,1,0,0,0,0,0	//R-Saint
310100,0,0,1,1,1,1,1,0,0,0,0,0	//R-Undead
310101,0,0,1,1,1,1,1,0,0,0,0,0	//R-Darkness
310102,0,0,1,1,1,1,1,0,0,0,0,0	//R-Telekinesis
310103,0,0,1,1,1,1,1,0,0,0,0,0	//E-Saint
310104,0,0,1,1,1,1,1,0,0,0,0,0	//E-Undead
310105,0,0,1,1,1,1,1,0,0,0,0,0	//E-Darkness
310106,0,0,1,1,1,1,1,0,0,0,0,0	//E-Poison
310107,0,0,1,1,1,1,1,0,0,0,0,0	//G-Guided
310108,0,0,1,1,1,1,1,0,0,0,0,0	//G-Cri
310109,0,0,1,1,1,1,1,0,0,0,0,0	//U-PowerArmor
310110,0,0,1,1,1,1,1,0,0,0,0,0	//U-PowerLeg
310111,0,0,1,1,1,1,1,0,0,0,0,0	//U-PowerWing
310112,0,0,1,1,1,1,1,0,0,0,0,0	//U-PowerShield
310121,0,0,1,1,1,1,1,0,0,0,0,0	//S-UnlimitVital
310122,0,0,1,1,1,1,1,0,0,0,0,0	//S-SpellBuster
310123,0,0,1,1,1,1,1,0,0,0,0,0	//S-FiringShot
310124,0,0,1,1,1,1,1,0,0,0,0,0	//S-OverPower
310125,0,0,1,1,1,1,1,0,0,0,0,0	//S-FatalFlash
310126,0,0,1,1,1,1,1,0,0,0,0,0	//S-LuckyStrike
310127,0,0,1,1,1,1,1,0,0,0,0,0	//L-Sight1
310128,0,0,1,1,1,1,1,0,0,0,0,0	//L-Teleport1
310129,0,0,1,1,1,1,1,0,0,0,0,0	//L-SpellBreaker1
310130,0,0,1,1,1,1,1,0,0,0,0,0	//L-Steal1
310131,0,0,1,1,1,1,1,0,0,0,0,0	//L-SnowFlip1
310132,0,0,1,1,1,1,1,0,0,0,0,0	//L-PeonyMamy1
310133,0,0,1,1,1,1,1,0,0,0,0,0	//L-Sadagui1
310134,0,0,1,1,1,1,1,0,0,0,0,0	//L-SeuoiaDust1
310135,0,0,1,1,1,1,1,0,0,0,0,0	//L-Hiding1
310136,0,0,1,1,1,1,1,0,0,0,0,0	//L-Magnum3
310137,0,0,1,1,1,1,1,0,0,0,0,0	//L-FireBall3
310138,0,0,1,1,1,1,1,0,0,0,0,0	//L-Heal1
310139,0,0,1,1,1,1,1,0,0,0,0,0	//L-Cure1
310140,0,0,1,1,1,1,1,0,0,0,0,0	//L-Poison3
310141,0,0,1,1,1,1,1,0,0,0,0,0	//L-Detoxify1
310142,0,0,1,1,1,1,1,0,0,0,0,0	//L-ThrowStone1
310143,0,0,1,1,1,1,1,0,0,0,0,0	//L-AbsorbSpirits1
310144,0,0,1,1,1,1,1,0,0,0,0,0	//L-Bash3
310145,0,0,1,1,1,1,1,0,0,0,0,0	//L-Cloaking1
310146,0,0,1,1,1,1,1,0,0,0,0,0	//L-CastCancel1
310147,0,0,1,1,1,1,1,0,0,0,0,0	//L-FireBolt3
310148,0,0,1,1,1,1,1,0,0,0,0,0	//L-ColdBolt3
310149,0,0,1,1,1,1,1,0,0,0,0,0	//L-LightningBolt3
310150,0,0,1,1,1,1,1,0,0,0,0,0	//L-EarthSpike3
310151,0,0,1,1,1,1,1,0,0,0,0,0	//L-Angelus1
310152,0,0,1,1,1,1,1,0,0,0,0,0	//L-StoneCurse3
310153,0,0,1,1,1,1,1,0,0,0,0,0	//L-FrostDiver3
310154,0,0,1,1,1,1,1,0,0,0,0,0	//L-Meteor3
310155,0,0,1,1,1,1,1,0,0,0,0,0	//L-Estimation1
310156,0,0,1,1,1,1,1,0,0,0,0,0	//L-FrostNova2
310157,0,0,1,1,1,1,1,0,0,0,0,0	//L-DecAgi1
310158,0,0,1,1,1,1,1,0,0,0,0,0	//L-Identify1
310159,0,0,1,1,1,1,1,0,0,0,0,0	//L-Loud1
310160,0,0,1,1,1,1,1,0,0,0,0,0	//L-SoulStrike3
310161,0,0,1,1,1,1,1,0,0,0,0,0	//L-CallSpirits2
310162,0,0,1,1,1,1,1,0,0,0,0,0	//L-CloseConfine1
310163,0,0,1,1,1,1,1,0,0,0,0,0	//L-AutoGuard3
310164,0,0,1,1,1,1,1,0,0,0,0,0	//L-PotionPitcher3
310165,0,0,1,1,1,1,1,0,0,0,0,0	//L-MagicPower5
310166,0,0,1,1,1,1,1,0,0,0,0,0	//L-Gloria1
310192,0,0,1,1,1,1,1,0,0,0,0,0	//<Extreme>
310193,0,0,1,1,1,1,1,0,0,0,0,0	//ノックバック無効
310194,0,0,1,1,1,1,1,0,0,0,0,0	//Def + 50
310195,0,0,1,1,1,1,1,0,0,0,0,0	//マグニフィカートLv5
310196,0,0,1,1,1,1,1,0,0,0,0,0	//遠距離物理耐性 + 10%
310197,0,0,1,1,1,1,1,0,0,0,0,0	//天地崩壊
310198,0,0,1,1,1,1,1,0,0,0,0,0	//断撃
310203,0,0,1,1,1,1,1,0,0,0,0,0	//斬魔
310269,0,0,1,1,1,1,1,0,0,0,0,0	//石化耐性
310270,0,0,1,1,1,1,1,0,0,0,0,0	//T-PowerBoost
310271,0,0,1,1,1,1,1,0,0,0,0,0	//T-MagicBoost
310272,0,0,1,1,1,1,1,0,0,0,0,0	//T-Assault
310273,0,0,1,1,1,1,1,0,0,0,0,0	//T-Electricity
310310,0,0,1,1,1,1,1,0,0,0,0,0	//潜在解放(ルーンナイト)
310311,0,0,1,1,1,1,1,0,0,0,0,0	//潜在解放(ロイヤルガード)
310312,0,0,1,1,1,1,1,0,0,0,0,0	//潜在解放(ソーサラー)
310313,0,0,1,1,1,1,1,0,0,0,0,0	//潜在解放(アークビショップ)
310314,0,0,1,1,1,1,1,0,0,0,0,0	//潜在解放(修羅)
310315,0,0,1,1,1,1,1,0,0,0,0,0	//潜在解放(シャドウチェイサー)
310316,0,0,1,1,1,1,1,0,0,0,0,0	//潜在解放(メカニック)
310317,0,0,1,1,1,1,1,0,0,0,0,0	//潜在解放(ジェネティック)
310318,0,0,1,1,1,1,1,0,0,0,0,0	//必中攻撃 + 25%
310319,0,0,1,1,1,1,1,0,0,0,0,0	//Hit + 100
310320,0,0,1,1,1,1,1,0,0,0,0,0	//念属性付与(鎧)
310321,0,0,1,1,1,1,1,0,0,0,0,0	//シンソウの王
310323,0,0,1,1,1,1,1,0,0,0,0,0	//超越
310331,0,0,1,1,1,1,1,0,0,0,0,0	//潜在解放(ウォーロック)
310332,0,0,1,1,1,1,1,0,0,0,0,0	//潜在解放(ギロチンクロス)
310333,0,0,1,1,1,1,1,0,0,0,0,0	//潜在解放(ミンストレル)
310334,0,0,1,1,1,1,1,0,0,0,0,0	//潜在解放(レンジャー)
310335,0,0,1,1,1,1,1,0,0,0,0,0	//潜在解放(ワンダラー)
310336,0,0,1,1,1,1,1,0,0,0,0,0	//サイトLv1
310337,0,0,1,1,1,1,1,0,0,0,0,0	//透視
310478,0,0,1,1,1,1,1,0,0,0,0,0	//ウルフオーブ(Str + 7)
310479,0,0,1,1,1,1,1,0,0,0,0,0	//ウルフオーブ(Dex + 7)
310480,0,0,1,1,1,1,1,0,0,0,0,0	//ウルフオーブ(Agi + 7)
310481,0,0,1,1,1,1,1,0,0,0,0,0	//ウルフオーブ(Int + 7)
310482,0,0,1,1,1,1,1,0,0,0,0,0	//ウルフオーブ(Vit + 7)
310483,0,0,1,1,1,1,1,0,0,0,0,0	//ウルフオーブ(Luk + 7)
310484,0,0,1,1,1,1,1,0,0,0,0,0	//ウルフオーブ(Pow + 3)
310485,0,0,1,1,1,1,1,0,0,0,0,0	//ウルフオーブ(Con + 3)
310486,0,0,1,1,1,1,1,0,0,0,0,0	//ウルフオーブ(Wis + 3)
310487,0,0,1,1,1,1,1,0,0,0,0,0	//ウルフオーブ(Spl + 3)
310488,0,0,1,1,1,1,1,0,0,0,0,0	//ウルフオーブ(Sta + 3)
310489,0,0,1,1,1,1,1,0,0,0,0,0	//ウルフオーブ(Crt + 3)
310496,0,0,1,1,1,1,1,0,0,0,0,0	//ウルフオーブ(Def + 300)
310497,0,0,1,1,1,1,1,0,0,0,0,0	//ウルフオーブ(Mdef + 30)
310506,0,0,1,1,1,1,1,0,0,0,0,0	//ウルフオーブ(Def50%無視)
310507,0,0,1,1,1,1,1,0,0,0,0,0	//ウルフオーブ(Mdef50%無視)
310515,0,0,1,1,1,1,1,0,0,0,0,0	//ウルフオーブ(スキルディレイ - 15%)
310567,0,0,1,1,1,1,1,0,0,0,0,0	//ウルフオーブ(攻撃速度 + 10%)
310568,0,0,1,1,1,1,1,0,0,0,0,0	//ウルフオーブ(詠唱時間 - 15%)
310571,0,0,1,1,1,1,1,0,0,0,0,0	//ウルフオーブ(完全回避 + 25)
310572,0,0,1,1,1,1,1,0,0,0,0,0	//ウルフオーブ(詠唱妨害不可)
310597,0,0,1,1,1,1,1,0,0,0,0,0	//ウルフオーブ(物理：ダメージ + 20%)
310598,0,0,1,1,1,1,1,0,0,0,0,0	//ウルフオーブ(魔法：ダメージ + 20%)
310600,0,0,1,1,1,1,1,0,0,0,0,0	//ウルフオーブ(固定詠唱時間 - 50%)
310648,0,0,1,1,1,1,1,0,0,0,0,0	//Extra Agi
310649,0,0,1,1,1,1,1,0,0,0,0,0	//Extra Vit
310650,0,0,1,1,1,1,1,0,0,0,0,0	//Extra Int
310651,0,0,1,1,1,1,1,0,0,0,0,0	//Extra Dex
310652,0,0,1,1,1,1,1,0,0,0,0,0	//Extra Luk
310653,0,0,1,1,1,1,1,0,0,0,0,0	//Q-Range
310655,0,0,1,1,1,1,1,0,0,0,0,0	//森羅万象
310758,0,0,1,1,1,1,1,0,0,0,0,0	//プレイヤー耐性13
310759,0,0,1,1,1,1,1,0,0,0,0,0	//アレス
310760,0,0,1,1,1,1,1,0,0,0,0,0	//王の神威
310850,0,22,1,1,1,1,1,0,0,0,0,0	//揚花火
310942,0,0,1,1,1,1,1,0,0,0,0,0	//潜在覚醒(ジャックフロスト)
310944,0,0,1,1,1,1,1,0,0,0,0,0	//潜在覚醒(サモンベントス)
310948,0,0,1,1,1,1,1,0,0,0,0,0	//潜在覚醒(アローストーム)
310950,0,0,1,1,1,1,1,0,0,0,0,0	//潜在覚醒(シビアレインストーム)
310952,0,0,1,1,1,1,1,0,0,0,0,0	//潜在覚醒(ジュデックス)
310954,0,0,1,1,1,1,1,0,0,0,0,0	//潜在覚醒(イグニッションブレイク)
310957,0,0,1,1,1,1,1,0,0,0,0,0	//潜在覚醒(獅子吼)
310959,0,0,1,1,1,1,1,0,0,0,0,0	//潜在覚醒(アームズキャノン)
310961,0,0,1,1,1,1,1,0,0,0,0,0	//潜在覚醒(クレイジーウィード)
310971,0,0,1,1,1,1,1,0,0,0,0,0	//潜在覚醒(バニシングバスター)
310973,0,0,1,1,1,1,1,0,0,0,0,0	//潜在覚醒(満月脚)
310976,0,0,1,1,1,1,1,0,0,0,0,0	//潜在覚醒(エスハ)
310978,0,0,1,1,1,1,1,0,0,0,0,0	//潜在覚醒(大トロ)
310979,0,0,1,1,1,1,1,0,0,0,0,0	//潜在覚醒(サベージの魂)
311065,0,0,1,1,1,1,1,0,0,0,0,0	//レジストポイズン
311066,0,0,1,1,1,1,1,0,0,0,0,0	//レジストセイント
311067,0,0,1,1,1,1,1,0,0,0,0,0	//レジストダークネス
311068,0,0,1,1,1,1,1,0,0,0,0,0	//レジストテレキネシス
311069,0,0,1,1,1,1,1,0,0,0,0,0	//レジストアンデッド
311070,0,0,1,1,1,1,1,0,0,0,0,0	//レジストウォーター
311071,0,0,1,1,1,1,1,0,0,0,0,0	//封印されたヴェルゼブブカード
311072,0,0,1,1,1,1,1,0,0,0,0,0	//起源の王
311073,0,0,1,1,1,1,1,0,0,0,0,0	//豊穣の女神
311074,0,0,1,1,1,1,1,0,0,0,0,0	//英雄の凱歌
311075,0,0,1,1,1,1,1,0,0,0,0,0	//厄災の魔将
311284,0,0,1,1,1,1,1,0,0,0,0,0	//極限の魔力
311365,0,0,1,1,1,1,1,0,0,0,0,0	//王家の栄光
311366,0,0,1,1,1,1,1,0,0,0,0,0	//移動速度増加
311383,0,0,1,1,1,1,1,0,0,0,0,0	//気功Lv2
311405,0,0,1,1,1,1,1,0,0,0,0,0	//火属性耐性 + 5%
311408,0,0,1,1,1,1,1,0,0,0,0,0	//地属性耐性 + 5%
311410,0,0,1,1,1,1,1,0,0,0,0,0	//聖属性耐性 + 5%
311411,0,0,1,1,1,1,1,0,0,0,0,0	//闇属性耐性 + 5%
311412,0,0,1,1,1,1,1,0,0,0,0,0	//念属性耐性 + 5%
311413,0,0,1,1,1,1,1,0,0,0,0,0	//毒属性耐性 + 5%
311415,0,0,1,1,1,1,1,0,0,0,0,0	//エナジーコートLv1
311416,0,0,1,1,1,1,1,0,0,0,0,0	//オーディンの力Lv2
311419,0,0,1,1,1,1,1,0,0,0,0,0	//マグナムブレイクLv5
311420,0,0,1,1,1,1,1,0,0,0,0,0	//固定詠唱時間 - 70%
311421,0,0,1,1,1,1,1,0,0,0,0,0	//詠唱時間 - 15%
311422,0,0,1,1,1,1,1,0,0,0,0,0	//攻撃速度 + 15%
311436,0,0,1,1,1,1,1,0,0,0,0,0	//<Exam>
311439,0,0,1,1,1,1,1,0,0,0,0,0	//異境の統轄者
311440,0,0,0,0,0,0,0,0,0,1,0,0	//封印されたロードオブデスカード
311442,0,0,1,1,1,1,1,0,0,0,0,0	//完熟
311459,0,0,1,1,1,1,1,0,0,0,0,0	//花火玉
311882,0,0,1,1,1,1,1,0,0,0,0,0	//スキル石(速度増加Lv10)
311883,0,0,1,1,1,1,1,0,0,0,0,0	//知識の探求者
311884,0,0,1,1,1,1,1,0,0,0,0,0	//暗黒耐性
311885,0,0,1,1,1,1,1,0,0,0,0,0	//出血耐性
311886,0,0,1,1,1,1,1,0,0,0,0,0	//沈黙耐性
311887,0,0,1,1,1,1,1,0,0,0,0,0	//毒耐性
311888,0,0,1,1,1,1,1,0,0,0,0,0	//発火耐性
311889,0,0,1,1,1,1,1,0,0,0,0,0	//呪い耐性
311890,0,0,1,1,1,1,1,0,0,0,0,0	//限界突破
311891,0,0,1,1,1,1,1,0,0,0,0,0	//潜在解放(アークメイジI)
311892,0,0,1,1,1,1,1,0,0,0,0,0	//潜在解放(アビスチェイサーI)
311893,0,0,1,1,1,1,1,0,0,0,0,0	//潜在解放(インクイジターI)
311894,0,0,1,1,1,1,1,0,0,0,0,0	//潜在解放(インペリアルガードI)
311895,0,0,1,1,1,1,1,0,0,0,0,0	//潜在解放(ウィンドホークI)
311896,0,0,1,1,1,1,1,0,0,0,0,0	//潜在解放(エレメンタルマスターI)
311897,0,0,1,1,1,1,1,0,0,0,0,0	//潜在解放(カーディナルI)
311898,0,0,1,1,1,1,1,0,0,0,0,0	//潜在解放(シャドウクロスI)
311899,0,0,1,1,1,1,1,0,0,0,0,0	//潜在解放(ドラゴンナイトI)
311900,0,0,1,1,1,1,1,0,0,0,0,0	//潜在解放(トルバドゥールI)
311901,0,0,1,1,1,1,1,0,0,0,0,0	//潜在解放(トルヴェールI)
311902,0,0,1,1,1,1,1,0,0,0,0,0	//潜在解放(バイオロI)
311903,0,0,1,1,1,1,1,0,0,0,0,0	//潜在解放(マイスターI)
311905,0,0,1,1,1,1,1,0,0,0,0,0	//氷結耐性
311907,0,0,1,1,1,1,1,0,0,0,0,0	//冷凍耐性
311909,0,0,1,1,1,1,1,0,0,0,0,0	//不滅なる利益者
312023,0,0,1,1,1,1,1,0,0,0,0,0	//MaxSP + 15%
312031,0,0,1,1,1,1,1,0,0,0,0,0	//潜在解放(アークメイジII)
312032,0,0,1,1,1,1,1,0,0,0,0,0	//Cri + 25
312033,0,0,1,1,1,1,1,0,0,0,0,0	//潜在解放(アビスチェイサーII)
312035,0,0,1,1,1,1,1,0,0,0,0,0	//潜在解放(インペリアルガードII)
312036,0,0,1,1,1,1,1,0,0,0,0,0	//潜在解放(ウィンドホークII)
312037,0,0,1,1,1,1,1,0,0,0,0,0	//潜在解放(エレメンタルマスターII)
312038,0,0,1,1,1,1,1,0,0,0,0,0	//潜在解放(カーディナルII)
312039,0,0,1,1,1,1,1,0,0,0,0,0	//潜在解放(シャドウクロスII)
312040,0,0,1,1,1,1,1,0,0,0,0,0	//潜在解放(ドラゴンナイトII)
312043,0,0,1,1,1,1,1,0,0,0,0,0	//潜在解放(バイオロII)
312304,0,0,1,1,1,1,1,0,0,0,0,0	//潜在解放(カーディナルIII)
312305,0,0,1,1,1,1,1,0,0,0,0,0	//悠遠なる天上の都
312395,0,0,1,1,1,1,1,0,0,0,0,0	//ウルの加護
312445,0,0,1,1,1,1,1,0,0,0,0,0	//オートスペル(チェーンライトニング)
312446,0,0,1,1,1,1,1,0,0,0,0,0	//魔鉱

400012,0,0,1,0,0,1,1,0,0,0,0,0	//黎明のマジェスティックゴート
400013,0,0,1,0,0,1,1,0,0,0,0,0	//くわえたチョコスティック
400015,0,0,1,0,0,1,1,0,0,0,0,0	//磨羯宮のダイアデム
400062,0,0,1,0,1,1,1,0,0,0,0,0	//[レンタル] ファントムオブマスカレード
400063,0,0,1,0,1,1,1,0,0,0,0,0	//[レンタル] パナギアの贈り物
400064,0,0,1,0,1,1,1,0,0,0,0,0	//[レンタル] オウルヴァイカウントのシルクハット
400065,0,0,1,0,1,1,1,0,0,0,0,0	//[レンタル] 悪魔の手
400066,0,0,1,0,1,1,1,0,0,0,0,0	//[レンタル] ジェジェキャップ
400067,0,0,1,0,1,1,1,0,0,0,0,0	//[レンタル] ジャスパーサークレット
400068,0,0,1,0,1,1,1,0,0,0,0,0	//[レンタル] 聖者の冠
400069,0,0,1,0,1,1,1,0,0,0,0,0	//[レンタル] 精霊王の宝冠
400070,0,0,1,0,1,1,1,0,0,0,0,0	//[レンタル] 不死鳥の冠
400071,0,0,1,0,1,1,1,0,0,0,0,0	//[レンタル] ブラックフェザー
400072,0,0,1,0,1,1,1,0,0,0,0,0	//[レンタル] ワークキャップ
400108,0,0,1,0,0,1,1,0,0,0,0,0	//[衣装] 運命のルーレット帽
400127,0,0,1,1,1,1,1,0,0,0,0,0	//たれスマートエリー
400128,0,0,1,0,0,1,1,0,0,0,0,0	//[衣装] たれスマートエリー
400136,0,0,1,0,0,1,1,0,0,0,0,0	//[衣装] 古代の金装飾
400165,0,0,1,0,0,1,1,0,0,0,0,0	//[衣装] 青リンゴ帽
400166,0,0,1,0,0,1,1,0,0,0,0,0	//[衣装] エーギルヘルム
400167,0,0,1,0,0,1,1,0,0,0,0,0	//[衣装] 蚊取線香
400168,0,0,1,0,0,1,1,0,0,0,0,0	//[衣装] ギフトオブイズルード
400169,0,0,1,0,0,1,1,0,0,0,0,0	//[衣装] フィッシュヘアピン
400170,0,0,1,0,0,1,1,0,0,0,0,0	//[衣装] ジャティ族の聖冠
400171,0,0,1,0,0,1,1,0,0,0,0,0	//[衣装] エンジェルフェザー
400188,0,0,1,0,0,1,1,0,0,0,0,0	//[衣装] RAGNAROK
400260,0,4,1,0,0,1,1,0,0,0,0,0	//[衣装] 魔法のランプ
400280,0,0,1,0,0,1,1,0,0,0,0,0	//[衣装] AIナビ
400309,0,0,1,0,0,1,1,0,0,0,0,0	//[衣装] 20周年記念ポリン
400310,0,0,1,0,0,1,1,0,0,0,0,0	//[衣装] 漆黒のヴァルキリーサークレット
400311,0,0,1,0,0,1,1,0,0,0,0,0	//[衣装] 光と闇の羽兜
400320,0,0,1,0,0,1,1,0,0,0,0,0	//[衣装] ドラムなりきりフード(黒)
400321,0,0,1,0,0,1,1,0,0,0,0,0	//[衣装] アカデミー新入生帽子
400341,0,0,1,0,0,1,1,0,0,0,0,0	//[衣装] 空き缶帽
400350,0,0,1,0,0,1,1,0,0,0,0,0	//[衣装] 魂のリング
400446,0,0,1,0,0,1,1,0,0,0,0,0	//[衣装] 冒険者の帽子
410007,0,0,1,0,1,1,1,0,0,0,0,0	//[レンタル] シトラスリボン
410008,0,0,1,0,1,1,1,0,0,0,0,0	//[レンタル] ファランクス
410077,0,0,1,0,0,1,1,0,0,0,0,0	//[衣装] 幸せの風船
410086,0,0,1,0,0,1,1,0,0,0,0,0	//[衣装] プレミアメロンヘッドフォン
410103,0,0,1,0,0,1,1,0,0,0,0,0	//[衣装] 呪いのシルク
410145,0,0,1,0,0,1,1,0,0,0,0,0	//[衣装] アグネス・ミニミー
410146,0,0,1,0,0,1,1,0,0,0,0,0	//[衣装] ドブリス・ミニミー
410147,0,0,1,0,0,1,1,0,0,0,0,0	//[衣装] エレナ・ミニミー
410148,0,0,1,0,0,1,1,0,0,0,0,0	//[衣装] エリュミナ・ミニミー
410149,0,0,1,0,0,1,1,0,0,0,0,0	//[衣装] ヴェルナー・ミニミー
410168,0,4,1,0,0,1,1,0,0,0,0,0	//[衣装] ハートの風船
410174,0,0,1,0,0,1,1,0,0,0,0,0	//プリンセスメロンヘッドフォン
410176,0,0,1,0,0,1,1,0,0,0,0,0	//クイーンメロンヘッドフォン
410178,0,0,1,0,0,1,1,0,0,0,0,0	//[衣装] プリンセスメロンヘッドフォン
410179,0,0,1,0,0,1,1,0,0,0,0,0	//[衣装] クイーンメロンヘッドフォン
410188,0,0,1,0,0,1,1,0,0,0,0,0	//[衣装] 国王・ミニミー
410191,0,0,1,0,0,1,1,0,0,0,0,0	//[衣装] スピーカ・ミニミー
410238,0,0,1,0,0,1,1,0,0,0,0,0	//[衣装] 私服教皇・ミニミー
410239,0,0,1,0,0,1,1,0,0,0,0,0	//[衣装] うきうきティルビー
420001,0,0,1,0,1,1,1,0,0,0,0,0	//[レンタル] 八卦の封呪
420004,0,0,1,0,0,1,1,0,0,0,0,0	//フォックスヘア
420013,0,0,1,0,0,1,1,0,0,0,0,0	//チュンイーの霊
420056,0,0,1,0,0,1,1,0,0,0,0,0	//[衣装] シュミッツのヘルム(下段)
420075,0,0,1,0,0,1,1,0,0,0,0,0	//[衣装] 浮遊するジオイア
420168,0,0,1,0,0,1,1,0,0,0,0,0	//[衣装] 牛マスク
440008,0,0,1,1,1,1,1,0,0,0,0,0	//[衣装] Master
450011,0,0,1,0,0,1,1,0,0,0,0,0	//磨羯宮のメイル
450015,0,0,1,0,0,1,1,0,0,0,0,0	//処女宮のメイル
450129,0,0,1,0,0,1,1,0,0,0,0,0	//白羊宮のメイル
450130,0,0,1,0,0,1,1,0,0,0,0,0	//双児宮のメイル
450133,0,0,1,0,0,1,1,0,0,0,0,0	//双魚宮のメイル
450140,0,0,1,0,0,1,1,0,0,0,0,0	//人馬宮のメイル
450152,0,0,1,0,1,1,1,0,0,0,0,0	//[レンタル] 深淵のドレス
450153,0,0,1,0,1,1,1,0,0,0,0,0	//[レンタル] 大自然のドレス
450154,0,0,1,0,1,1,1,0,0,0,0,0	//[レンタル] 氷獄のドレス
450155,0,0,1,0,1,1,1,0,0,0,0,0	//[レンタル] 赤蛇のドレス
450156,0,0,1,0,1,1,1,0,0,0,0,0	//[レンタル] 水龍神の鱗
450198,0,0,1,0,0,1,1,0,0,0,0,0	//20周年記念コットンシャツ
460002,0,0,1,0,0,1,1,0,0,0,0,0	//白羊宮のシールド
460045,0,0,1,0,0,1,1,0,0,0,0,0	//ゲフィオンシールド
470010,0,0,1,0,0,1,1,0,0,0,0,0	//磨羯宮のシューズ
470014,0,0,1,0,0,1,1,0,0,0,0,0	//処女宮のシューズ
470024,0,0,1,0,0,1,1,0,0,0,0,0	//白羊宮のシューズ
470032,0,0,1,0,0,1,1,0,0,0,0,0	//双児宮のシューズ
470038,0,0,1,0,0,1,1,0,0,0,0,0	//双魚宮のシューズ
470045,0,0,1,0,0,1,1,0,0,0,0,0	//人馬宮のシューズ
480004,0,0,1,0,0,1,1,0,0,0,0,0	//アクセルウィング
480006,0,0,1,0,0,1,1,0,0,0,0,0	//磨羯宮のマント
480009,0,0,1,0,0,1,1,0,0,0,0,0	//処女宮のマント
480022,0,0,1,0,0,1,1,0,0,0,0,0	//白羊宮のマント
480026,0,0,1,0,0,1,1,0,0,0,0,0	//双児宮のマント
480041,0,0,1,0,0,1,1,0,0,0,0,0	//双魚宮のマント
480050,0,0,1,0,0,1,1,0,0,0,0,0	//人馬宮のマント
480061,0,0,1,0,0,1,1,0,0,0,0,0	//栄光の御旗(赤)
480072,0,0,1,0,0,1,1,0,0,0,0,0	//フローズンスケイルショール
480073,0,0,1,0,1,1,1,0,0,0,0,0	//[レンタル] アンドフリームニルのマント
480074,0,0,1,0,1,1,1,0,0,0,0,0	//[レンタル] フローズンスケイルショール
480109,0,0,1,0,0,1,1,0,0,0,0,0	//白騎士のマント
480128,0,0,1,0,0,1,1,0,0,0,0,0	//着ぐるみベアドール
480157,0,0,1,0,0,1,1,0,0,0,0,0	//山羊毛のマフラー
480170,0,0,1,0,0,1,1,0,0,0,0,0	//深海生物のマント
480198,0,0,1,0,0,1,1,0,0,0,0,0	//[衣装] 輝く月桂樹の翼
480199,0,0,1,0,0,1,1,0,0,0,0,0	//[衣装] アスタロトの翼
480200,0,0,1,0,0,1,1,0,0,0,0,0	//[衣装] 智天使の羽耳
480201,0,0,1,0,0,1,1,0,0,0,0,0	//[衣装] 智天使の翼
480202,0,0,1,0,0,1,1,0,0,0,0,0	//[衣装] フェアリーウィング(虹)
480293,0,0,1,0,0,1,1,0,0,0,0,0	//ドラゴンスケイルショール
480330,0,0,1,0,0,1,1,0,0,0,0,0	//[衣装] ヒーローマント
480335,0,0,1,0,0,1,1,0,0,0,0,0	//[衣装] ポリンサーフボード
480336,0,0,1,0,0,1,1,0,0,0,0,0	//[衣装] 森の夏休み
490009,0,0,1,0,0,1,1,0,0,0,0,0	//磨羯宮のリング
490010,0,0,1,0,0,1,1,0,0,0,0,0	//処女宮のリング
490028,0,0,1,0,0,1,1,0,0,0,0,0	//白羊宮のリング
490032,0,0,1,0,0,1,1,0,0,0,0,0	//双児宮のリング
490034,0,0,1,0,0,1,1,0,0,0,0,0	//双魚宮のリング
490041,0,0,1,0,0,1,1,0,0,0,0,0	//人馬宮のリング
490044,0,0,1,0,0,1,1,0,0,0,0,0	//シンフルルビーリング
490045,0,0,1,0,0,1,1,0,0,0,0,0	//シンフルルビーネックレス
490046,0,0,1,0,0,1,1,0,0,0,0,0	//シンフルエメラルドリング
490047,0,0,1,0,0,1,1,0,0,0,0,0	//シンフルエメラルドネックレス
490048,0,0,1,0,0,1,1,0,0,0,0,0	//シンフルトパーズリング
490049,0,0,1,0,0,1,1,0,0,0,0,0	//シンフルトパーズネックレス
490050,0,0,1,0,0,1,1,0,0,0,0,0	//シンフルアメジストリング
490051,0,0,1,0,0,1,1,0,0,0,0,0	//シンフルアメジストネックレス
490052,0,0,1,0,0,1,1,0,0,0,0,0	//シンフルサファイアリング
490054,0,0,1,0,0,1,1,0,0,0,0,0	//シンフルオパールリング
490055,0,0,1,0,0,1,1,0,0,0,0,0	//シンフルオパールネックレス
490056,0,0,1,0,0,1,1,0,0,0,0,0	//ブリリアントルビーリング
490058,0,0,1,0,0,1,1,0,0,0,0,0	//ブリリアントアメジストリング
490059,0,0,1,0,0,1,1,0,0,0,0,0	//ブリリアントアメジストネックレス
490060,0,0,1,0,0,1,1,0,0,0,0,0	//ブリリアントエメラルドリング
490062,0,0,1,0,0,1,1,0,0,0,0,0	//ブリリアントジルコンリング
490063,0,0,1,0,0,1,1,0,0,0,0,0	//ブリリアントジルコンネックレス
490064,0,0,1,0,0,1,1,0,0,0,0,0	//ブリリアントサファイアリング
490066,0,0,1,0,0,1,1,0,0,0,0,0	//ブリリアントアクアマリンリング
490067,0,0,1,0,0,1,1,0,0,0,0,0	//ブリリアントアクアマリンネックレス
490071,0,0,1,0,0,1,1,0,0,0,0,0	//鷹の眼の首飾り
490080,0,0,1,0,1,1,1,0,0,0,0,0	//[レンタル] ソロモンのペンダント
490081,0,0,1,0,1,1,1,0,0,0,0,0	//[レンタル] 鷹の眼の首飾り
490087,0,0,1,0,1,1,1,0,0,0,0,0	//砂時計のネックレス
490105,0,0,1,0,0,1,1,0,0,0,0,0	//海底神殿の財宝
490119,0,0,1,0,0,1,1,0,0,0,0,0	//アルファコア
490250,0,0,1,1,0,1,1,0,0,0,0,0	//トランセンデンスリング
500028,0,0,1,0,0,1,1,0,0,0,0,0	//ウィワートゥス・フィデス・レイピア
500041,0,0,1,0,0,1,1,0,0,0,0,0	//メロンブレイド
510048,0,0,1,0,0,1,1,0,0,0,0,0	//メロンダガー
520009,0,0,1,0,0,1,1,0,0,0,0,0	//ウィワートゥス・フィデス・アックス
520015,0,0,1,0,0,1,1,0,0,0,0,0	//メロンアックス
530014,0,0,1,0,0,1,1,0,0,0,0,0	//ウィワートゥス・フィデス・ガーディアンスピア
530022,0,0,1,0,0,1,1,0,0,0,0,0	//メロンスピア
540024,0,0,1,0,0,1,1,0,0,0,0,0	//ウィワートゥス・フィデス・マジックブック
540038,0,0,1,0,0,1,1,0,0,0,0,0	//メロンブック
550029,0,0,1,0,0,1,1,0,0,0,0,0	//ウィワートゥス・フィデス・ワンド
550048,0,0,1,0,0,1,1,0,0,0,0,0	//メロンワンド
550049,0,0,1,0,0,1,1,0,0,0,0,0	//メロンフォックステイル
560020,0,0,1,0,0,1,1,0,0,0,0,0	//ウィワートゥス・フィデス・ナックル
560029,0,0,1,0,0,1,1,0,0,0,0,0	//メロンクロー
570004,0,0,1,0,0,1,1,0,0,0,0,0	//双児宮のバイオリン
570019,0,0,1,0,0,1,1,0,0,0,0,0	//ウィワートゥス・フィデス・バイオリン
570026,0,0,1,0,0,1,1,0,0,0,0,0	//メロンバイオリン
580004,0,0,1,0,0,1,1,0,0,0,0,0	//双児宮のロープ
580019,0,0,1,0,0,1,1,0,0,0,0,0	//ウィワートゥス・フィデス・チェインロープ
580026,0,0,1,0,0,1,1,0,0,0,0,0	//メロンウィップ
590033,0,0,1,0,0,1,1,0,0,0,0,0	//メロンメイス
600022,0,0,1,0,0,1,1,0,0,0,0,0	//メロンクレイモア
610023,0,0,1,0,0,1,1,0,0,0,0,0	//ウィワートゥス・フィデス・カタール
610032,0,0,1,0,0,1,1,0,0,0,0,0	//メロンカタール
620014,0,0,1,0,0,1,1,0,0,0,0,0	//メロンツーハンドアックス
630013,0,0,1,0,0,1,1,0,0,0,0,0	//ウィワートゥス・フィデス・ランス
630017,0,0,1,0,0,1,1,0,0,0,0,0	//メロンランス
640002,0,0,1,0,0,1,1,0,0,0,0,0	//処女宮のディバインクロス
640006,0,0,1,0,0,1,1,0,0,0,0,0	//双魚宮のスタッフオブソウル
640021,0,0,1,0,0,1,1,0,0,0,0,0	//ウィワートゥス・フィデス・ツーハンドスタッフ
640030,0,0,1,0,0,1,1,0,0,0,0,0	//メロンスタッフ
650016,0,0,1,0,0,1,1,0,0,0,0,0	//メロン風魔手裏剣
700004,0,0,1,0,0,1,1,0,0,0,0,0	//磨羯宮のシーフボウ
700010,0,0,1,0,0,1,1,0,0,0,0,0	//人馬宮のハンターボウ
700033,0,0,1,0,0,1,1,0,0,0,0,0	//ウィワートゥス・フィデス・クロスボウ
700034,0,0,1,0,0,1,1,0,0,0,0,0	//ウィワートゥス・フィデス・バリスタ
700048,0,0,1,0,0,1,1,0,0,0,0,0	//メロンウィング
800007,0,0,1,0,0,1,1,0,0,0,0,0	//メロンハンドガン
810004,0,0,1,0,0,1,1,0,0,0,0,0	//メロンライフル
820003,0,0,1,0,0,1,1,0,0,0,0,0	//メロンショットガン
830006,0,0,1,0,0,1,1,0,0,0,0,0	//メロンガトリングガン
840003,0,0,1,0,0,1,1,0,0,0,0,0	//メロングレネードガン

1000028,0,0,1,1,1,1,1,0,0,0,0,0	//シャドウチェイサーVIPチケット
1000029,0,0,1,1,1,1,1,0,0,0,0,0	//シャドウチェイサーソウル
1000080,0,0,1,1,1,1,1,0,0,0,0,0	//アークビショップVIPチケット
1000081,0,0,1,1,1,1,1,0,0,0,0,0	//アークビショップソウル
1000090,0,0,1,1,0,1,1,0,0,0,0,0	//[2022]特別チケット(Autumn)
1000091,0,0,1,1,0,1,1,0,0,0,0,0	//[キャンペーン] ウシパワーチケット
1000092,0,0,1,1,1,1,1,0,0,0,0,0	//エリュミナレーダー
1000100,0,0,1,1,1,1,1,0,0,0,0,0	//氷結トラップ
1000101,0,0,1,1,1,1,1,0,0,0,0,0	//自動人形の部品
1000102,0,0,1,1,1,1,1,0,0,0,0,0	//非常用の鍵
1000150,0,0,1,1,1,1,1,0,0,0,0,0	//ロイヤルガードVIPチケット
1000151,0,0,1,1,1,1,1,0,0,0,0,0	//ロイヤルガードソウル
1000203,0,0,1,1,0,1,1,0,0,0,0,0	//イルシオンシリーズ選択交換チケット
1000204,0,0,1,1,0,1,1,0,0,0,0,0	//イルシオンチケット
1000205,0,0,1,1,0,1,1,0,0,0,0,0	//レベルアップチケット(BaseLv175)
1000206,0,0,1,1,0,1,1,0,0,0,0,0	//クエストスキップチケット(イルシオン)
1000209,0,0,1,1,1,1,1,0,0,0,0,0	//ミンストレルVIPチケット
1000210,0,0,1,1,1,1,1,0,0,0,0,0	//ワンダラーVIPチケット
1000211,0,0,1,1,1,1,1,0,0,0,0,0	//ミンストレルソウル
1000212,0,0,1,1,1,1,1,0,0,0,0,0	//ワンダラーソウル
1000225,0,0,1,0,0,1,1,0,0,0,0,0	//ジャミングチップス
1000226,0,0,1,0,1,1,1,0,0,0,0,0	//壊れた自動人形のコア
1000231,0,0,1,0,0,1,1,0,0,0,0,0	//壊れた自動人形の部品
1000232,0,0,1,0,1,1,1,0,0,0,0,0	//自動人形の通信チップ
1000233,0,0,1,1,1,1,1,0,0,0,0,0	//ソーサラーVIPチケット
1000234,0,0,1,1,1,1,1,0,0,0,0,0	//ソーサラーソウル
1000236,0,0,1,1,1,1,1,0,0,0,0,0	//レンジャーVIPチケット
1000237,0,0,1,1,1,1,1,0,0,0,0,0	//レンジャーソウル
1000240,0,0,1,1,0,1,1,0,0,0,0,0	//ドレッシークーポン
1000243,0,0,1,0,0,1,1,0,0,0,0,0	//罪の欠片
1000257,0,0,1,0,0,1,1,0,0,0,0,0	//罪の結晶
1000264,0,0,1,0,0,1,1,0,0,0,0,0	//グランプリコイン
1000268,0,0,1,0,1,1,1,0,0,0,0,0	//防毒マスク
1000269,0,0,1,0,1,1,1,0,0,0,0,0	//密封用箱
1000270,0,0,1,1,1,1,1,0,0,0,0,0	//マンドラゴラ培養器
1000271,0,0,1,1,1,1,1,0,0,0,0,0	//感動の欠片
1000272,0,0,1,1,1,1,1,0,0,0,0,0	//ひらめきの欠片
1000276,0,0,1,0,0,1,1,0,0,0,0,0	//フレイムアシッドボトル
1000277,0,0,1,0,0,1,1,0,0,0,0,0	//アースアシッドボトル
1000278,0,0,1,0,0,1,1,0,0,0,0,0	//ゲイルアシッドボトル
1000279,0,0,1,0,0,1,1,0,0,0,0,0	//アイシクルアシッドボトル
1000280,0,0,1,0,0,1,1,0,0,0,0,0	//上級コーティング薬
1000281,0,0,1,0,0,1,1,0,0,0,0,0	//上級プラントボトル
1000289,0,0,1,0,0,1,1,0,0,0,0,0	//デバイスカプセル
1000290,0,0,1,0,0,1,1,0,0,0,0,0	//ABRカプセル
1000309,0,0,1,0,0,1,1,0,0,0,0,0	//3次職スペシャルチケット
1000310,0,0,1,1,0,1,1,0,0,0,0,0	//ジョブストーン
1000311,0,0,1,1,1,1,1,0,0,0,0,0	//ホークの笛
1000318,0,0,1,1,0,1,1,0,0,0,0,0	//復刻コスたま引換券
1000404,0,0,1,1,0,1,1,0,0,0,0,0	//キューペットボックス抽選券I
1000407,0,0,1,1,1,1,1,0,0,0,0,0	//ハーフフラワー
1000408,0,0,1,1,1,1,1,0,0,0,0,0	//録取用手帳
1000409,0,0,1,1,1,1,1,0,0,0,0,0	//書類ファイル
1000410,0,0,1,1,1,1,1,0,0,0,0,0	//浄水用聖物
1000411,0,0,1,1,1,1,1,0,0,0,0,0	//浄化水のバケツ
1000412,0,0,1,1,1,1,1,0,0,0,0,0	//罠に掛かった動物
1000413,0,0,1,1,1,1,1,0,0,0,0,0	//罠に掛かった爬虫類
1000414,0,0,1,1,1,1,1,0,0,0,0,0	//罠に掛かった果実
1000448,0,0,1,1,0,1,1,0,0,0,0,0	//ベアドール交換チケット
1000449,0,0,1,1,0,1,1,0,0,0,0,0	//捨てられたクマ人形交換チケット
1000450,0,0,1,1,0,1,1,0,0,0,0,0	//スウィートドロップス交換チケット
1000451,0,0,1,1,0,1,1,0,0,0,0,0	//ハイオーク交換チケット
1000452,0,0,1,1,0,1,1,0,0,0,0,0	//オークヒーロー交換チケット
1000453,0,0,1,1,0,1,1,0,0,0,0,0	//メタルラ交換チケット
1000454,0,0,1,1,0,1,1,0,0,0,0,0	//マスターリング交換チケット
1000455,0,0,1,1,0,1,1,0,0,0,0,0	//エンジェリング交換チケット
1000456,0,0,1,1,0,1,1,0,0,0,0,0	//ペクソジン交換チケット
1000457,0,0,1,1,0,1,1,0,0,0,0,0	//九尾狐交換チケット
1000458,0,0,1,1,0,1,1,0,0,0,0,0	//キャットナインテイル交換チケット
1000459,0,0,1,1,0,1,1,0,0,0,0,0	//月夜花交換チケット
1000460,0,0,1,1,0,1,1,0,0,0,0,0	//ニブルレオン交換チケット
1000461,0,0,1,1,0,1,1,0,0,0,0,0	//ちび管理者ベータ交換チケット
1000462,0,0,1,1,0,1,1,0,0,0,0,0	//ちび管理者アルファ交換チケット
1000463,0,0,1,1,0,1,1,0,0,0,0,0	//[キャンペーン]微力の究極精錬チケット
1000464,0,0,1,1,0,1,1,0,0,0,0,0	//[イベント]微力の究極精錬チケット
1000468,0,0,1,0,0,1,1,0,0,0,0,0	//サイン会チケット(ニーヒル)
1000469,0,0,1,0,0,1,1,0,0,0,0,0	//サイン会チケット(スピーカ)
1000470,0,0,1,0,0,1,1,0,0,0,0,0	//サイン会チケット(スキア)
1000472,0,0,1,1,0,1,1,0,0,0,0,0	//石片収集家チケット
1000476,0,0,1,0,0,1,1,0,0,0,0,0	//フィデス・ランスの図面
1000478,0,0,1,0,0,1,1,0,0,0,0,0	//フィデス・ガーディアンスピアの図面
1000479,0,0,1,0,0,1,1,0,0,0,0,0	//フィデス・アックスの図面
1000481,0,0,1,0,0,1,1,0,0,0,0,0	//フィデス・レイピアの図面
1000484,0,0,1,0,0,1,1,0,0,0,0,0	//フィデス・カタールの図面
1000486,0,0,1,0,0,1,1,0,0,0,0,0	//フィデス・クロスボウの図面
1000487,0,0,1,0,0,1,1,0,0,0,0,0	//フィデス・ツーハンドスタッフの図面
1000489,0,0,1,0,0,1,1,0,0,0,0,0	//フィデス・マジックブックの図面
1000492,0,0,1,0,0,1,1,0,0,0,0,0	//フィデス・ワンドの図面
1000493,0,0,1,0,0,1,1,0,0,0,0,0	//フィデス・ナックルの図面
1000495,0,0,1,0,0,1,1,0,0,0,0,0	//フィデス・バリスタの図面
1000497,0,0,1,0,0,1,1,0,0,0,0,0	//フィデス・バイオリンの図面
1000498,0,0,1,0,0,1,1,0,0,0,0,0	//フィデス・チェインロープの図面
1000507,0,0,1,0,0,1,1,0,0,0,0,0	//守り雛(小厄)
1000508,0,0,1,0,0,1,1,0,0,0,0,0	//守り雛(中厄)
1000509,0,0,1,0,0,1,1,0,0,0,0,0	//守り雛(大厄)
1000531,0,0,1,1,0,1,1,0,0,0,0,0	//イルシオンチケットII
1000533,0,0,1,1,0,1,1,0,0,0,0,0	//レベルアップチケット(BaseLv185)
1000534,0,0,1,1,0,1,1,0,0,0,0,0	//クエストスキップチケット(賢者の遺産)
1000535,0,0,0,0,0,0,0,0,0,1,0,0	//歴戦の盾
1000536,0,0,0,0,0,0,0,0,0,1,0,0	//ﾂﾃﾞﾛｰﾍﾃﾞｰﾑﾍﾞﾄﾞｰﾝ
1000537,0,0,0,0,0,0,0,0,0,1,0,0	//闇リンゴ
1000538,0,0,0,0,0,0,0,0,0,1,0,0	//覚醒のポーション
1000539,0,0,0,0,0,0,0,0,0,1,0,0	//かにのハサミ
1000540,0,0,0,0,0,0,0,0,0,1,0,0	//カタツムリの殻
1000574,0,0,1,0,0,1,1,0,0,0,0,0	//スウィートメロン
1000575,0,0,1,0,0,1,1,0,0,0,0,0	//マンダリンフルーツ
1000576,0,0,1,0,0,1,1,0,0,0,0,0	//ぷるぷるベリー
1000577,0,0,1,0,0,1,1,0,0,0,0,0	//ジェムジェムストーン
1000578,0,0,1,0,0,1,1,0,0,0,0,0	//レッドニードルシード
1000579,0,0,1,0,0,1,1,0,0,0,0,0	//ゲーミングキャロット
1000580,0,0,1,0,0,1,1,0,0,0,0,0	//ウィアードスターバッジ
1000581,0,0,1,0,0,1,1,0,0,0,0,0	//ダークメロン
1000582,0,0,1,0,0,1,1,0,0,0,0,0	//ウォーターメロンハート
1000583,0,0,1,0,0,1,1,0,0,0,0,0	//メロン用化粧箱(請求書付)
1000584,0,0,1,0,0,1,1,0,0,0,0,0	//ソリッドピーチ
1000585,0,0,1,0,0,1,1,0,0,0,0,0	//ライトブルーギル
1000586,0,0,1,0,0,1,1,0,0,0,0,0	//イリュージョナルフラワー
1000587,0,0,1,0,0,1,1,0,0,0,0,0	//ヴァルキリーフラワー
1000588,0,0,1,0,0,1,1,0,0,0,0,0	//ブラッディーシード
1000589,0,0,1,0,0,1,1,0,0,0,0,0	//フェアリーリーフ
1000590,0,0,1,0,0,1,1,0,0,0,0,0	//サマーナイトピース
1000591,0,0,1,0,0,1,1,0,0,0,0,0	//メメメロピー
1000592,0,0,1,0,0,1,1,0,0,0,0,0	//ダメメロピー
1000593,0,0,1,0,0,1,1,0,0,0,0,0	//キーオブヘブン
1000594,0,0,1,0,0,1,1,0,0,0,0,0	//レアスモールジェム
1000595,0,0,1,0,0,1,1,0,0,0,0,0	//プレシャスボタン
1000596,0,0,1,0,0,1,1,0,0,0,0,0	//スターマッシュルーム
1000597,0,0,1,0,0,1,1,0,0,0,0,0	//濃縮メロンジャム
1000598,0,0,1,0,0,1,1,0,0,0,0,0	//ネオンウォーター
1000599,0,0,1,0,0,1,1,0,0,0,0,0	//ディープシーウォーター
1000600,0,0,1,0,0,1,1,0,0,0,0,0	//ストロベリークイーン
1000601,0,0,1,0,0,1,1,0,0,0,0,0	//ポリンのメレンゲドール
1000602,0,0,1,0,0,1,1,0,0,0,0,0	//トルネイドクレイ
1000603,0,0,1,0,0,1,1,0,0,0,0,0	//王級フルーツ盛り合わせ
1000622,0,0,1,1,0,1,1,0,0,0,0,0	//キューペットボックス抽選券II
1000628,0,0,1,1,0,1,1,0,0,0,0,0	//エリオット交換チケット
1000629,0,0,1,1,0,1,1,0,0,0,0,0	//エリセル交換チケット
1000630,0,0,1,1,0,1,1,0,0,0,0,0	//エリザ交換チケット
1000631,0,0,1,1,0,1,1,0,0,0,0,0	//キエル-D-01交換チケット
1000632,0,0,1,1,0,1,1,0,0,0,0,0	//汚染された彷徨う者交換チケット
1000633,0,0,1,1,0,1,1,0,0,0,0,0	//ワイルドローズ交換チケット
1000634,0,0,1,1,0,1,1,0,0,0,0,0	//エドガ交換チケット
1000677,0,0,1,1,0,1,1,0,0,0,0,0	//復刻コスたま引換券
1000847,0,0,1,0,0,1,1,0,0,0,0,0	//サイン会チケット(アグネス)
1000848,0,0,1,0,0,1,1,0,0,0,0,0	//サイン会チケット(ポー)
1000849,0,0,1,0,0,1,1,0,0,0,0,0	//サイン会チケット(アイザック)
1000866,0,0,1,1,0,1,1,0,0,0,0,0	//キューペットボックス抽選券III
1000867,0,0,1,1,0,1,1,0,0,0,0,0	//フリオニ交換チケット
1000868,0,0,1,1,0,1,1,0,0,0,0,0	//+5確定精錬チケット
1000869,0,0,1,1,0,1,1,0,0,0,0,0	//+6確定精錬チケット
1000870,0,0,1,1,0,1,1,0,0,0,0,0	//+7確定精錬チケット
1000871,0,0,1,1,0,1,1,0,0,0,0,0	//+8確定精錬チケット
1000872,0,0,1,1,0,1,1,0,0,0,0,0	//+9確定精錬チケット
1000873,0,0,1,1,0,1,1,0,0,0,0,0	//+10確定精錬チケット
1000924,0,0,1,0,0,1,1,0,0,0,0,0	//幻想叢書の栞
1000925,0,0,1,0,0,1,1,0,0,0,0,0	//幻想叢書完読記念カード
1000926,0,0,1,0,0,1,1,0,0,0,0,0	//ナビシール
1000927,0,0,1,0,0,1,1,0,0,0,0,0	//読書記録表
1000928,0,0,1,0,0,1,1,0,0,0,0,0	//リストバンド
1000929,0,0,1,0,0,1,1,0,0,0,0,0	//金属キューブ
1000930,0,0,1,0,0,1,1,0,0,0,0,0	//ハートクッキー
1000931,0,0,1,0,0,1,1,0,0,0,0,0	//ミニキャノンキット
1000932,0,0,1,0,0,1,1,0,0,0,0,0	//四つ葉のクローバーの栞
1000933,0,0,1,0,0,1,1,0,0,0,0,0	//小さな手帳と万年筆
1000935,0,0,1,0,0,1,1,0,0,0,0,0	//オレンジチョコレート
1000936,0,0,1,0,0,1,1,0,0,0,0,0	//ティーポットとカップセット
1000964,0,0,1,1,0,1,1,0,0,0,0,0	//特選ネコ缶(カニ)
1000998,0,0,1,0,0,1,1,0,0,0,0,0	//白いハンカチ
1001022,0,0,1,0,0,1,1,0,0,0,0,0	//わがままイチゴクリーム
1001024,0,0,1,0,0,1,1,0,0,0,0,0	//メリュジーヌの髪
1001025,0,0,1,0,0,1,1,0,0,0,0,0	//やんちゃな悪魔の羽
1001026,0,0,1,0,0,1,1,0,0,0,0,0	//蒼く燃える珠
1001027,0,0,1,0,0,1,1,0,0,0,0,0	//ニャンパン
1001028,0,0,1,0,0,1,1,0,0,0,0,0	//ノービスエッグ
1001056,0,0,1,1,0,1,1,0,0,0,0,0	//キューペットボックス抽選券IV
1001060,0,0,1,1,0,1,1,0,0,0,0,0	//グルームアンダーナイト交換チケット
1001061,0,0,1,1,0,1,1,0,0,0,0,0	//ホドレムリン交換チケット
1001062,0,0,1,1,0,1,1,0,0,0,0,0	//グレムリン交換チケット
1001063,0,0,1,1,0,1,1,0,0,0,0,0	//グラウンドデリーター交換チケット
1001064,0,0,1,1,0,1,1,0,0,0,0,0	//ゴブリン長男交換チケット
1001068,0,0,1,1,0,1,1,0,0,0,0,0	//レベルアップチケット(BaseLv200)
1001083,0,0,0,0,0,0,0,0,0,1,0,0	//紅葉した葉っぱ
1001084,0,0,0,0,0,0,0,0,0,1,0,0	//火炎石
1001085,0,0,0,0,0,0,0,0,0,1,0,0	//さわやかな液体
1001086,0,0,0,0,0,0,0,0,0,1,0,0	//青い水晶の欠片
1001087,0,0,0,0,0,0,0,0,0,1,0,0	//明るく輝く水晶
1001088,0,0,0,0,0,0,0,0,0,1,0,0	//新鮮な梨
1001089,0,0,0,0,0,0,0,0,0,1,0,0	//香る花
1001150,0,0,1,0,0,1,1,0,0,0,0,0	//ペット用くさった包帯
1001151,0,0,1,1,0,1,1,0,0,0,0,0	//マミー交換チケット
1001152,0,0,1,1,0,1,1,0,0,0,0,0	//エンシェントマミー交換チケット
1001192,0,0,1,1,0,1,1,0,0,0,0,0	//復刻コスたま引換券(Season1)
1001193,0,0,1,1,0,1,1,0,0,0,0,0	//復刻コスたま引換券(Season2)
1001194,0,0,1,1,0,1,1,0,0,0,0,0	//復刻コスたま引換券(Season3)
1001211,0,0,1,0,0,1,1,0,0,0,0,0	//サイン会チケット(キャサリン)
1001212,0,0,1,0,0,1,1,0,0,0,0,0	//サイン会チケット(フリードリヒ)
1001213,0,0,1,0,0,1,1,0,0,0,0,0	//サイン会チケット(クロネカー)
1001223,0,0,1,1,0,1,1,0,0,0,0,0	//お楽しみチケット
1001224,0,0,1,1,0,1,1,0,0,0,0,0	//キューペットボックス抽選券V
1001225,0,0,1,1,0,1,1,0,0,0,0,0	//深淵の騎士交換チケット
1001268,0,0,1,1,0,1,1,0,0,0,0,0	//祈りの方向チケット
1001270,0,0,1,1,0,1,1,0,0,0,0,0	//レベルアップチケット(BaseLv220)
1001271,0,0,1,1,0,1,1,0,0,0,0,0	//クエストスキップチケット(祈りの方向)
1001279,0,0,1,1,0,1,1,0,0,0,0,0	//キューペットボックス抽選券交換チケット
1001281,0,0,0,0,0,0,0,0,0,1,0,0	//カード消去依頼書
1001284,0,0,0,0,0,0,0,0,0,1,0,0	//テデデッンバドレベ
1001285,0,0,0,0,0,0,0,0,0,1,0,0	//ニンヘン
1001286,0,0,0,0,0,0,0,0,0,1,0,0	//止めないハート
1001287,0,0,0,0,0,0,0,0,0,1,0,0	//ヌラベ玉
1001288,0,0,0,0,0,0,0,0,0,1,0,0	//狂気のポーション
1001338,0,0,1,0,0,1,1,0,0,0,0,0	//冒険者のミニバッグ
1001339,0,0,1,0,0,1,1,0,0,0,0,0	//自家製ジャーキー
1001340,0,0,1,0,0,1,1,0,0,0,0,0	//虹色のおとぎ話
1001346,0,0,1,1,0,1,1,0,0,0,0,0	//ジューンブライドチケット
1001347,0,0,1,1,0,1,1,0,0,0,0,0	//キューペットボックス抽選券VI
1001350,0,0,1,1,0,1,1,0,0,0,0,0	//バフォメット交換チケット
1001351,0,0,1,1,0,1,1,0,0,0,0,0	//混沌のバフォメット.Jr交換チケット
1001352,0,0,1,1,0,1,1,0,0,0,0,0	//ウィロー交換チケット

200324,0,0,1,1,0,1,1,0,0,0,0,0	//コスたまOrientalIII
101162,0,0,1,0,1,1,1,0,0,0,0,0	//ルガン変身スクロール
311101,0,0,1,1,1,1,1,0,0,0,0,0	//雪花の魔力(練武I)
311102,0,0,1,1,1,1,1,0,0,0,0,0	//雪花の魔力(練魔I)
311192,0,0,1,1,1,1,1,0,0,0,0,0	//氷華の魔力(ルーンナイトI)
311193,0,0,1,1,1,1,1,0,0,0,0,0	//氷華の魔力(ロイヤルガードI)
311194,0,0,1,1,1,1,1,0,0,0,0,0	//氷華の魔力(ロイヤルガードII)
311195,0,0,1,1,1,1,1,0,0,0,0,0	//氷華の魔力(メカニックII)
311196,0,0,1,1,1,1,1,0,0,0,0,0	//氷華の魔力(メカニックI)
311197,0,0,1,1,1,1,1,0,0,0,0,0	//氷華の魔力(ジェネティックI)
311198,0,0,1,1,1,1,1,0,0,0,0,0	//氷華の魔力(ギロチンクロスI)
311199,0,0,1,1,1,1,1,0,0,0,0,0	//氷華の魔力(シャドウチェイサーII)
311200,0,0,1,1,1,1,1,0,0,0,0,0	//氷華の魔力(シャドウチェイサーI)
311201,0,0,1,1,1,1,1,0,0,0,0,0	//氷華の魔力(ウォーロックI)
311203,0,0,1,1,1,1,1,0,0,0,0,0	//氷華の魔力(ソーサラーI)
311204,0,0,1,1,1,1,1,0,0,0,0,0	//氷華の魔力(アークビショップI)
311205,0,0,1,1,1,1,1,0,0,0,0,0	//氷華の魔力(修羅I)
311206,0,0,1,1,1,1,1,0,0,0,0,0	//氷華の魔力(レンジャーI)
311207,0,0,1,1,1,1,1,0,0,0,0,0	//氷華の魔力(ミンストレル&ワンダラーI)
311208,0,0,1,1,1,1,1,0,0,0,0,0	//氷華の魔力(ミンストレル&ワンダラーII)
300359,0,0,1,1,1,1,1,0,0,0,0,0	//アイスフナムシカード
300360,0,0,1,1,1,1,1,0,0,0,0,0	//光るワカメカード
300361,0,0,1,1,1,1,1,0,0,0,0,0	//アイスストローカード
300362,0,0,1,1,1,1,1,0,0,0,0,0	//不凍花カード
300363,0,0,1,1,1,1,1,0,0,0,0,0	//リマキナカード
300364,0,0,1,1,1,1,1,0,0,0,0,0	//カラマリンカード
300365,0,0,1,1,1,1,1,0,0,0,0,0	//原始ルガンカード
300366,0,0,1,1,1,1,1,0,0,0,0,0	//最下級ルガンカード
300367,0,0,1,1,1,1,1,0,0,0,0,0	//下級ルガンカード
300368,0,0,1,1,1,1,1,0,0,0,0,0	//中級ルガンカード
300369,0,0,1,1,1,1,1,0,0,0,0,0	//廃棄された原始ルガンカード
300370,0,0,1,1,1,1,1,0,0,0,0,0	//廃棄された中級ルガンカード
300371,0,0,1,1,1,1,1,0,0,0,0,0	//洞窟カラマリンカード
300372,0,0,1,1,1,1,1,0,0,0,0,0	//洞窟不凍花カード
300373,0,0,1,1,1,1,1,0,0,0,0,0	//ベビーハルキゲニアカード
300374,0,0,1,1,1,1,1,0,0,0,0,0	//ハルキゲニアカード
300375,0,0,1,1,1,1,1,0,0,0,0,0	//単眼ドロカリスカード
300376,0,0,1,1,1,1,1,0,0,0,0,0	//双眼ドロカリスカード
300377,0,0,1,1,1,1,1,0,0,0,0,0	//ウルトラリマキナカード
300378,0,0,1,1,1,1,1,0,0,0,0,0	//Sユンケアカード
300379,0,0,1,1,1,1,1,0,0,0,0,0	//改造された上級ルガンカード
300380,0,0,1,1,1,1,1,0,0,0,0,0	//巻き込まれた中級ルガンカード
300381,0,0,1,1,1,1,1,0,0,0,0,0	//ハートハンターATカード
300382,0,0,1,1,1,1,1,0,0,0,0,0	//アクィラカード
436006,0,0,1,0,0,1,1,0,0,0,0,0	//[衣装] ルガン変装道具
436007,0,0,1,0,0,1,1,0,0,0,0,0	//[衣装] アーウィン防寒帽

1000604,0,0,1,1,1,1,1,0,0,0,0,0	//ユンケアの試験管
1000605,0,0,1,1,1,1,1,0,0,0,0,0	//赤い液体の試験管
1000606,0,0,1,1,1,1,1,0,0,0,0,0	//上級ルガンの卵の殻
1000607,0,0,1,1,1,1,1,0,0,0,0,0	//守護者の招待状
1000705,0,0,1,0,0,1,1,0,0,0,0,0	//ルガンの魔力核
1000706,0,0,1,0,0,1,1,0,0,0,0,0	//浄化された魔力核
1000842,0,0,1,0,1,1,1,0,0,0,0,0	//超強力触角
1000845,0,0,1,1,1,1,1,0,0,0,0,0	//会計帳簿
1000846,0,0,1,0,1,1,1,0,0,0,0,0	//氷菓子