//skill_require_db.txtへオーバーライド
//id,list_hp,list_sp,list_hp_rate,list_sp_rate,list_zeny,list_weapon,state,spiritball,itemid1,amount1,itemid2,amount2,itemid3,amount3,itemid4,amount4,itemid5,amount5,itemid6,amount6,itemid7,amount7,itemid8,amount8,itemid9,amount9,itemid10,amount10
523,0,5,0,0,0,99,none,0,0,0,0,0,0,0,0,0,0,0,0,0,0,0,0,0,0,0,0,0	//NJ_SYURIKEN#手裏剣投げ#
524,0,10,0,0,0,99,none,0,0,0,0,0,0,0,0,0,0,0,0,0,0,0,0,0,0,0,0,0	//NJ_KUNAI#苦無投げ#
525,0,15:20:25:30:35,0,0,0,22,none,0,0,0,0,0,0,0,0,0,0,0,0,0,0,0,0,0,0,0,0,0	//NJ_HUUMA#風魔手裏剣投げ#
528,0,8,0,0,0,99,none,0,0,0,0,0,0,0,0,0,0,0,0,0,0,0,0,0,0,0,0,0	//NJ_KASUMIKIRI#霞斬り#
530,0,10:11:12:13:14,0,0,0,99,hiding,0,0,0,0,0,0,0,0,0,0,0,0,0,0,0,0,0,0,0,0,0	//NJ_KIRIKAGE#影斬り#
539,0,40:45:50:55:60,0,0,0,99,none,0,7522,1,0,0,0,0,0,0,0,0,0,0,0,0,0,0,0,0,0,0	//NJ_HYOUSYOURAKU#氷柱落し#
541,0,16:20:24:28:32,0,0,0,99,none,0,7523,1,0,0,0,0,0,0,0,0,0,0,0,0,0,0,0,0,0,0	//NJ_RAIGEKISAI#雷撃砕#
542,0,17:19:21:23:25,0,0,0,99,none,0,7523,1,0,0,0,0,0,0,0,0,0,0,0,0,0,0,0,0,0,0	//NJ_KAMAITACHI#朔風#
2001,0,40:42:44:46:48:50:52:54:56:58,0,0,0,1:2:3:4:5:6:7:8:9:10:11:12:13:14:15:16:17:18:19:20:21:22,none,0,0,0,0,0,0,0,0,0,0,0,0,0,0,0,0,0,0,0,0,0	//RK_ENCHANTBLADE#エンチャントブレイド#
2002,0,30:33:36:39:42:45:48:51:54:57,0,0,0,99,none,0,0,0,0,0,0,0,0,0,0,0,0,0,0,0,0,0,0,0,0,0	//RK_SONICWAVE#ソニックウェーブ#
2028,0,40:36:32:28:24,0,0,0,99,none,0,0,0,0,0,0,0,0,0,0,0,0,0,0,0,0,0,0,0,0,0	//GC_WEAPONBLOCKING#ウェポンブロッキング#
2029,0,5:8:11:14:17:20:23:26:29:32,0,0,0,99,none,0,0,0,0,0,0,0,0,0,0,0,0,0,0,0,0,0,0,0,0,0	//GC_COUNTERSLASH#カウンタースラッシュ#
2033,0,45,0,0,0,99,none,0,0,0,0,0,0,0,0,0,0,0,0,0,0,0,0,0,0,0,0,0	//GC_CLOAKINGEXCEED#クローキングエクシード#
2038,0,20:23:26:29:32:35:38:41:44:47,0,0,0,99,none,0,0,0,0,0,0,0,0,0,0,0,0,0,0,0,0,0,0,0,0,0	//AB_JUDEX#ジュデックス#
2050,0,70:80:90:100,0,0,0,99,none,0,0,0,0,0,0,0,0,0,0,0,0,0,0,0,0,0,0,0,0,0	//AB_RENOVATIO#レノヴァティオ#
2217,0,120:150:180:210:240:270:300:330:360:390,0,0,0,99,none,0,0,0,0,0,0,0,0,0,0,0,0,0,0,0,0,0,0,0,0,0	//WL_TETRAVORTEX#テトラボルテックス#
2236,0,30:32:34:36:38:40:42:44:46:48,0,0,0,11,none,0,0,0,0,0,0,0,0,0,0,0,0,0,0,0,0,0,0,0,0,0	//RA_AIMEDBOLT#エイムドボルト#
2247,0,40,0,0,0,99,none,0,0,0,0,0,0,0,0,0,0,0,0,0,0,0,0,0,0,0,0,0	//RA_CAMOUFLAGE#カモフラージュ#
2261,0,40:45:50:55:60,0,0,0,99,gear,0,6146,1,0,0,0,0,0,0,0,0,0,0,0,0,0,0,0,0,0,0	//NC_ARMSCANNON#アームズキャノン#
2279,0,10:12:14:16:18:20:22:24:26:28,0,0,0,6:7,none,0,0,0,0,0,0,0,0,0,0,0,0,0,0,0,0,0,0,0,0,0	//NC_POWERSWING#パワースイング#
2284,0,20:23:26:29:32:35:38:41:44:47,0,0,0,99,none,0,0,0,0,0,0,0,0,0,0,0,0,0,0,0,0,0,0,0,0,0	//SC_FATALMENACE#フェイタルメナス#
2304,0,12:14:16:18:20:22:24:26:28:30,0,0,0,99,none,0,6122,0,6123,1,0,0,0,0,0,0,0,0,0,0,0,0,0,0,0,0	//SC_FEINTBOMB#フェイントボム#
2310,0,10:12:14:16:18:20:22:24:26:28,0,0,0,99,shield,0,0,0,0,0,0,0,0,0,0,0,0,0,0,0,0,0,0,0,0,0	//LG_SHIELDPRESS#シールドプレス#
2321,0,45:50:55:60:65:70:75:80:85:90,1,0,0,99,none,0,0,0,0,0,0,0,0,0,0,0,0,0,0,0,0,0,0,0,0,0	//LG_RAYOFGENESIS#レイオブジェネシス#
2329,0,20:25:30:35:40:45:50:55:60:65,0,0,0,99,none,2:2:2:2:2:1:1:1:1:1,0,0,0,0,0,0,0,0,0,0,0,0,0,0,0,0,0,0,0,0	//SR_FALLENEMPIRE#大纏崩捶#
2336,0,10:12:14:16:18:20:22:24:26:28,0,0,0,99,none,1:1:1:1:1:0:0:0:0:0,0,0,0,0,0,0,0,0,0,0,0,0,0,0,0,0,0,0,0,0	//SR_KNUCKLEARROW#修羅身弾#
2413,0,16:17:18:19:20:21:22:23:24:25,0,0,0,99,none,0,0,0,0,0,0,0,0,0,0,0,0,0,0,0,0,0,0,0,0,0	//WM_METALICSOUND#メタリックサウンド#
2418,0,80:90:100:110:120,0,0,0,11:13:14,none,0,0,0,0,0,0,0,0,0,0,0,0,0,0,0,0,0,0,0,0,0	//WM_SEVERE_RAINSTORM#シビアレインストーム#
2445,0,40:44:48:52:56:60:64:68:72:76,0,0,0,99,none,0,0,0,0,0,0,0,0,0,0,0,0,0,0,0,0,0,0,0,0,0	//SO_SPELLFIST#スペルフィスト#
2454,0,55:62:69:76:83:90:97:114:121:128,0,0,0,99,none,0,0,0,0,0,0,0,0,0,0,0,0,0,0,0,0,0,0,0,0,0	//SO_VARETYR_SPEAR#ヴェラチュールスピアー#
2476,0,20,0,0,0,99,cart,0,0,0,0,0,0,0,0,0,0,0,0,0,0,0,0,0,0,0,0,0	//GN_CART_TORNADO#カートトルネード#
2481,0,55:60:65:70:75:80:85:90:95:100,0,0,0,99,none,0,6212,1,0,0,0,0,0,0,0,0,0,0,0,0,0,0,0,0,0,0	//GN_SPORE_EXPLOSION#スポアエクスプロージョン#
2554,0,55:60:65:70:75,0,0,0,20,none,0,0,0,0,0,0,0,0,0,0,0,0,0,0,0,0,0,0,0,0,0	//RL_BANISHING_BUSTER#バニシングバスター#
2561,0,32:34:36:38:40:42:44:46:48:50,0,0,0,17,none,0,0,0,0,0,0,0,0,0,0,0,0,0,0,0,0,0,0,0,0,0	//RL_FIREDANCE#ファイアーダンス#
2565,0,11:12:13:14:15:16:17:18:19:20,0,0,0,19,none,0,0,0,0,0,0,0,0,0,0,0,0,0,0,0,0,0,0,0,0,0	//RL_R_TRIP#ラウンドトリップ#
2566,0,60:70:80:90:100:110:120:130:140:150,0,0,0,21,none,0,7665,1,0,0,0,0,0,0,0,0,0,0,0,0,0,0,0,0,0,0	//RL_D_TAIL#ドラゴンテイル#
2571,0,35:40:45:50:55:60:65:70:75:80,0,0,0,18,none,0,0,0,0,0,0,0,0,0,0,0,0,0,0,0,0,0,0,0,0,0	//RL_HAMMER_OF_GOD#ハンマーオブゴッド#
3004,0,10:14:18:22:26:30:34:38:42:46,0,0,0,1:22,none,0,0,0,0,0,0,0,0,0,0,0,0,0,0,0,0,0,0,0,0,0	//KO_JYUMONJIKIRI#十文字斬り#
3009,0,24:28:32:36:40:44:48:52:56:60,0,0,0,22,none,0,0,0,0,0,0,0,0,0,0,0,0,0,0,0,0,0,0,0,0,0	//KO_HUUMARANKA#風魔手裏剣 -乱華-#
