//skill_cast_db.txtへオーバーライド
//id,cast_list,fixed_cast_list,delay_list,cool_list,upkeep_time,upkeep_time2
2001,1000,0,0,0,300000,0	//RK_ENCHANTBLADE#エンチャントブレイド#
2002,0,0,1000:1000:1000:1000:1000:0:0:0:0:0,2000:2000:2000:2000:2000:200:200:200:200:200,0,0	//RK_SONICWAVE#ソニックウェーブ#
2012,0,0,0,0,0,0	//RK_CRUSHSTRIKE#クラッシュストライク#
2028,0,0,2000,0,180000,1500	//GC_WEAPONBLOCKING#ウェポンブロッキング#
2029,0,0,2000,0,0,0	//GC_COUNTERSLASH#カウンタースラッシュ#
2033,0,0,2000,0,1000,0	//GC_CLOAKINGEXCEED#クローキングエクシード#
2038,2000,0,0,0,0,0	//AB_JUDEX#ジュデックス#
2050,4000,0,0,0,90000:120000:150000:180000,0	//AB_RENOVATIO#レノヴァティオ#
2217,5000:6000:7000:8000:9000:9000:9000:9000:9000:9000,5000:4000:3000:2000:1000:1000:1000:1000:1000:1000,0,1000,0,0	//WL_TETRAVORTEX#テトラボルテックス#
2236,4000,500,1000,0,0,0	//RA_AIMEDBOLT#エイムドボルト#
2247,0,0,0,0,10000,0	//RA_CAMOUFLAGE#カモフラージュ#
2261,1000:1500:2000:2000:2000,0,1500:1000:500:500:500,0,0,0	//NC_ARMSCANNON#アームズキャノン#
2279,800:600:400:200:0:0:0:0:0:0,0,0,0,3000,0	//NC_POWERSWING#パワースイング#
2284,0,0,500,0,0,0	//SC_FATALMENACE#フェイタルメナス#
2304,0:0:0:0:0:0:1000:1000:1000:2000,0,0,2000,1500,0	//SC_FEINTBOMB#フェイントボム#
2310,0,0,0,2000,10000,0	//LG_SHIELDPRESS#シールドプレス#
2321,2000,0,1000,0,30000,0	//LG_RAYOFGENESIS#レイオブジェネシス#
2329,0,0,0,0,500:1000:1500:2000:2500:2500:2500:2500:2500:2500,0	//SR_FALLENEMPIRE#大纏崩捶#
2336,0,0,0,1000:800:600:400:200:200:200:200:200:200,0,0	//SR_KNUCKLEARROW#修羅身弾#
2413,1000:1500:2000:2500:3000:3000:3000:3000:3000:3000,0,0,200,10000,0	//WM_METALICSOUND#メタリックサウンド#
2418,1500:2000:2500:3000:3500,500,1000,4000,900:1800:2700:3600:4500,0	//WM_SEVERE_RAINSTORM#シビアレインストーム#
2445,0,0,1000,0,20000:25000:30000:35000:40000:45000:50000:55000:60000:65000,0	//SO_SPELLFIST#スペルフィスト#
2454,2200:2400:2600:2800:3000:3000:3000:3000:3000:3000,1800:1600:1400:1200:1000:1000:1000:1000:1000:1000,1000,2000,3000,0	//SO_VARETYR_SPEAR#ヴェラチュールスピアー#
2476,0,0,0,1000:1000:500:500:200:200:200:200:200:200,3000,0	//GN_CART_TORNADO#カートトルネード#
2481,1500,0,0,0,1500:1250:1000:750:500:500:500:500:500:500,0	//GN_SPORE_EXPLOSION#スポアエクスプロージョン#
