// use_itemid,target_itemid,upgradeid
// use_itemidに対してtarget_itemidが有効かどうか
// upgradeidのテーブルを参照する

//守護のエッセンス (23815)
23815,15378,1		//15378ラーヴァレザーアーマー
23815,15379,1		//15379ラーヴァレザースーツ
23815,15380,1		//15380ラーヴァレザーローブ
23815,20935,1		//20935ラーヴァレザーマント
23815,20936,1		//20936ラーヴァレザーマフラー
23815,20937,1		//20937ラーヴァレザーフード
23815,22199,1		//22199ラーヴァレザーブーツ
23815,22200,1		//22200ラーヴァレザーシューズ
23815,22201,1		//22201ラーヴァレザーサンダル
23815,15391,1		//15391ドラゴンスケイルプレート
23815,20946,1		//20946ドラゴンスケイルフード
23815,22208,1		//22208ドラゴンスケイルブーツ
23815,15400,1		//15400司祭のローブ
23815,20947,1		//20947司祭のマント
23815,22209,1		//22209司祭のブーツ

//闘気のエッセンス (100348)
100348,26138,2		//26138業火の杖
100348,26139,2		//26139氷角の杖
100348,28619,2		//28619囚人の日記帳
100348,1867,2		//1867セイフティナックル
100348,16099,2		//16099ラヴァーハンマー
100348,26162,2		//26162ウェルディングワンド
100348,26215,2		//26215セイフティウィップ
100348,28635,2		//28635セイフティマニュアル
100348,28771,2		//28771金属探知機Mk47
100348,28772,2		//28772宝石探知機Mk47
100348,32026,2		//32026ブロッキングスピア
100348,32110,2		//32110セイフティリュート
100348,32352,2		//32352セイフティセイバー
100348,550006,2		//550006セイフティフォックステイル

//猛気のエッセンス (100349)
100349,2049,3		//2049青い炎の杖
100349,21039,3		//21039王室騎士の大剣
100349,26016,3		//26016王室騎士の槍
100349,2058,3		//2058ディテクトスタッフ
100349,13346,3		//13346グラインダー風魔手裏剣
100349,21054,3		//21054クロウソード
100349,28045,3		//28045ナットブレイカー
100349,28140,3		//28140ソーアックス
100349,18190,3		//18190ボルトシューター
100349,32303,3		//32303ボルトリボルバー

//OS武器シリーズ (23776)
23776,21047,4		//21047ビームクレイモア-OS
23776,28136,4		//28136ブラスティ-OS
23776,28038,4		//28038モイスラ-OS
23776,18178,4		//18178バーチャルボウ-OS
23776,18179,4		//18179MH-P89-OS
23776,18180,4		//18180AC-B44-OS
23776,28253,4		//28253HR-S55-OS
23776,13493,4		//13493キャノンレイピア-OS
23776,26151,4		//26151ルティルススティック-OS
23776,28629,4		//28629サーキットボード-OS
23776,16088,4		//16088サフィールホール-OS
23776,1862,4		//1862バーニングナックル-OS
23776,28755,4		//28755黒色-OS
23776,32019,4		//32019ブースターランス-OS
23776,16089,4		//16089ウルティオ-OS
23776,26164,4		//26164エレクトリックフォックス-OS

//OS武器シリーズ (23777)
23777,21047,5		//21047ビームクレイモア-OS
23777,28136,5		//28136ブラスティ-OS
23777,28038,5		//28038モイスラ-OS
23777,18178,5		//18178バーチャルボウ-OS
23777,18179,5		//18179MH-P89-OS
23777,18180,5		//18180AC-B44-OS
23777,28253,5		//28253HR-S55-OS
23777,13493,5		//13493キャノンレイピア-OS
23777,26151,5		//26151ルティルススティック-OS
23777,28629,5		//28629サーキットボード-OS
23777,16088,5		//16088サフィールホール-OS
23777,1862,5		//1862バーニングナックル-OS
23777,28755,5		//28755黒色-OS
23777,32019,5		//32019ブースターランス-OS
23777,16089,5		//16089ウルティオ-OS
23777,26164,5		//26164エレクトリックフォックス-OS

//OS武器シリーズ (23778)
23778,21047,6		//21047ビームクレイモア-OS
23778,28136,6		//28136ブラスティ-OS
23778,28038,6		//28038モイスラ-OS
23778,18178,6		//18178バーチャルボウ-OS
23778,18179,6		//18179MH-P89-OS
23778,18180,6		//18180AC-B44-OS
23778,28253,6		//28253HR-S55-OS
23778,13493,6		//13493キャノンレイピア-OS
23778,26151,6		//26151ルティルススティック-OS
23778,28629,6		//28629サーキットボード-OS
23778,16088,6		//16088サフィールホール-OS
23778,1862,6		//1862バーニングナックル-OS
23778,28755,6		//28755黒色-OS
23778,32019,6		//32019ブースターランス-OS
23778,16089,6		//16089ウルティオ-OS
23778,26164,6		//26164エレクトリックフォックス-OS

//OS武器シリーズ (23779)
23779,21047,7		//21047ビームクレイモア-OS
23779,28136,7		//28136ブラスティ-OS
23779,28038,7		//28038モイスラ-OS
23779,18178,7		//18178バーチャルボウ-OS
23779,18179,7		//18179MH-P89-OS
23779,18180,7		//18180AC-B44-OS
23779,28253,7		//28253HR-S55-OS
23779,13493,7		//13493キャノンレイピア-OS
23779,26151,7		//26151ルティルススティック-OS
23779,28629,7		//28629サーキットボード-OS
23779,16088,7		//16088サフィールホール-OS
23779,1862,7		//1862バーニングナックル-OS
23779,28755,7		//28755黒色-OS
23779,32019,7		//32019ブースターランス-OS
23779,16089,7		//16089ウルティオ-OS
23779,26164,7		//26164エレクトリックフォックス-OS

//OS武器シリーズ (23780)
23780,21047,8		//21047ビームクレイモア-OS
23780,28136,8		//28136ブラスティ-OS
23780,28038,8		//28038モイスラ-OS
23780,18178,8		//18178バーチャルボウ-OS
23780,18179,8		//18179MH-P89-OS
23780,18180,8		//18180AC-B44-OS
23780,28253,8		//28253HR-S55-OS
23780,13493,8		//13493キャノンレイピア-OS
23780,26151,8		//26151ルティルススティック-OS
23780,28629,8		//28629サーキットボード-OS
23780,16088,8		//16088サフィールホール-OS
23780,1862,8		//1862バーニングナックル-OS
23780,28755,8		//28755黒色-OS
23780,32019,8		//32019ブースターランス-OS
23780,16089,8		//16089ウルティオ-OS
23780,26164,8		//26164エレクトリックフォックス-OS

//OS武器シリーズ (27381)
27381,21047,9		//21047ビームクレイモア-OS
27381,28136,9		//28136ブラスティ-OS
27381,28038,9		//28038モイスラ-OS
27381,18178,9		//18178バーチャルボウ-OS
27381,18179,9		//18179MH-P89-OS
27381,18180,9		//18180AC-B44-OS
27381,28253,9		//28253HR-S55-OS
27381,13493,9		//13493キャノンレイピア-OS
27381,26151,9		//26151ルティルススティック-OS
27381,28629,9		//28629サーキットボード-OS
27381,16088,9		//16088サフィールホール-OS
27381,1862,9		//1862バーニングナックル-OS
27381,28755,9		//28755黒色-OS
27381,32019,9		//32019ブースターランス-OS
27381,16089,9		//16089ウルティオ-OS
27381,26164,9		//26164エレクトリックフォックス-OS

//ヘルムスクロールI (100281)
100281,19186,10		//19186魔女の祭祀帽

//ウェポンスクロールI (100282)
100282,13142,11		//13142邪念のハンドガン
100282,13143,11		//13143猟乱銃
100282,13090,11		//13090女王フェイスワームの足

//メイルスクロールI (100283)
100283,15093,12		//15093勇者のプレート
100283,15094,12		//15094勇者のマジックコート
100283,15095,12		//15095勇者のジャッジメントローブ
100283,15096,12		//15096勇者のトレードメイル
100283,15097,12		//15097勇者のヒドゥンクロース
100283,15098,12		//15098勇者のターゲットスーツ

//シューズスクロールI (100284)
100284,22035,13		//22035勇者のネペンテスブーツ
100284,22036,13		//22036勇者の銀狐革ブーツ
100284,22037,13		//22037勇者のウンゴリアントブーツ

//アクセサリースクロールI (100285)
100285,2907,14		//2907ブワヤの守護タトゥー
100285,2910,14		//2910バコナワの守護タトゥー
100285,2911,14		//2911ビョンウンゴの守護タトゥー
100285,2992,14		//2992ペンダントオブメイルストーム
100285,28370,14		//28370破損したチップ(緑)
100285,28371,14		//28371破損したチップ(赤)

//開運招福の鈴 (12019)
12019,16047,15		//16047錆びたアーム

//兜改造装置(Type1) (100532)
100532,410014,16		//410014コル・コアヘッドフォン

//兜改造装置(Type2) (100533)
100533,410015,17		//410015コル・コアヘッドフォン

//エンハンスキューブ(イルシオン) (100251)
100251,15376,18		//15376イルシオンスーツI
100251,15377,18		//15377イルシオンスーツII
100251,20933,18		//20933イルシオンウィングI
100251,20934,18		//20934イルシオンウィングII
100251,22196,18		//22196イルシオンレッグI
100251,22197,18		//22197イルシオンレッグII
100251,460004,18		//460004イルシオンシールドI
100251,460014,18		//460014イルシオンシールドII
100251,400047,18		//400047ランナウェー・アクセラレータ

//エンハンスキューブ(オートマティック) (100252)
100252,450127,19		//450127オートマティックスーツI
100252,450128,19		//450128オートマティックスーツII
100252,470022,19		//470022オートマティックレッグI
100252,470023,19		//470023オートマティックレッグII
100252,480020,19		//480020オートマティックウィングI
100252,480021,19		//480021オートマティックウィングII
100252,460015,19		//460015オートマティックシールドI
100252,460016,19		//460016オートマティックシールドII
100252,400287,19		//400287レガシーオブワイズワン

//大罪武器改造装置(Type1) (100164)
100164,600008,20		//600008ヒポクリシースエッジ
100164,610006,20		//610006アワリティアメタル
100164,630003,20		//630003ルクスリアピアース
100164,640005,20		//640005プライドストーン
100164,650003,20		//650003ワースホイール
100164,700007,20		//700007スペルピアストリング
100164,700008,20		//700008グラルション
100164,700009,20		//700009ピグリティアリズム
100164,810000,20		//810000ラストポインター
100164,820000,20		//820000ラストシャッター
100164,830001,20		//830001ラストクラッシャー
100164,840000,20		//840000ラストブーム
100164,500007,20		//500007ヒポクリシーマシン
100164,500008,20		//500008インウィディアバンドル
100164,510008,20		//510008ラースレック
100164,510009,20		//510009グラティース
100164,520002,20		//520002プライドスチール
100164,530002,20		//530002グラトニースティック
100164,540004,20		//540004スローステキスト
100164,540005,20		//540005スロースバイブル
100164,550008,20		//550008グリードワンド
100164,550009,20		//550009アディクションプランツ
100164,560004,20		//560004イラフィースト
100164,570005,20		//570005ピグリティアウェーブ
100164,580005,20		//580005ピグリティアスパーク
100164,590006,20		//590006エンヴィーブラント

//大罪武器改造装置(Type2) (100165)
100165,600008,21		//600008ヒポクリシースエッジ
100165,610006,21		//610006アワリティアメタル
100165,630003,21		//630003ルクスリアピアース
100165,640005,21		//640005プライドストーン
100165,650003,21		//650003ワースホイール
100165,700007,21		//700007スペルピアストリング
100165,700008,21		//700008グラルション
100165,700009,21		//700009ピグリティアリズム
100165,810000,21		//810000ラストポインター
100165,820000,21		//820000ラストシャッター
100165,830001,21		//830001ラストクラッシャー
100165,840000,21		//840000ラストブーム
100165,500007,21		//500007ヒポクリシーマシン
100165,500008,21		//500008インウィディアバンドル
100165,510008,21		//510008ラースレック
100165,510009,21		//510009グラティース
100165,520002,21		//520002プライドスチール
100165,530002,21		//530002グラトニースティック
100165,540004,21		//540004スローステキスト
100165,540005,21		//540005スロースバイブル
100165,550008,21		//550008グリードワンド
100165,550009,21		//550009アディクションプランツ
100165,560004,21		//560004イラフィースト
100165,570005,21		//570005ピグリティアウェーブ
100165,580005,21		//580005ピグリティアスパーク
100165,590006,21		//590006エンヴィーブラント

//大罪武器改造装置(Type3) (100166)
100166,600008,22		//600008ヒポクリシースエッジ
100166,610006,22		//610006アワリティアメタル
100166,630003,22		//630003ルクスリアピアース
100166,640005,22		//640005プライドストーン
100166,650003,22		//650003ワースホイール
100166,700007,22		//700007スペルピアストリング
100166,700008,22		//700008グラルション
100166,700009,22		//700009ピグリティアリズム
100166,810000,22		//810000ラストポインター
100166,820000,22		//820000ラストシャッター
100166,830001,22		//830001ラストクラッシャー
100166,840000,22		//840000ラストブーム
100166,500007,22		//500007ヒポクリシーマシン
100166,500008,22		//500008インウィディアバンドル
100166,510008,22		//510008ラースレック
100166,510009,22		//510009グラティース
100166,520002,22		//520002プライドスチール
100166,530002,22		//530002グラトニースティック
100166,540004,22		//540004スローステキスト
100166,540005,22		//540005スロースバイブル
100166,550008,22		//550008グリードワンド
100166,550009,22		//550009アディクションプランツ
100166,560004,22		//560004イラフィースト
100166,570005,22		//570005ピグリティアウェーブ
100166,580005,22		//580005ピグリティアスパーク
100166,590006,22		//590006エンヴィーブラント

//大罪武器改造装置(Type4) (100167)
100167,600008,23		//600008ヒポクリシースエッジ
100167,610006,23		//610006アワリティアメタル
100167,630003,23		//630003ルクスリアピアース
100167,640005,23		//640005プライドストーン
100167,650003,23		//650003ワースホイール
100167,700007,23		//700007スペルピアストリング
100167,700008,23		//700008グラルション
100167,700009,23		//700009ピグリティアリズム
100167,810000,23		//810000ラストポインター
100167,820000,23		//820000ラストシャッター
100167,830001,23		//830001ラストクラッシャー
100167,840000,23		//840000ラストブーム
100167,500007,23		//500007ヒポクリシーマシン
100167,500008,23		//500008インウィディアバンドル
100167,510008,23		//510008ラースレック
100167,510009,23		//510009グラティース
100167,520002,23		//520002プライドスチール
100167,530002,23		//530002グラトニースティック
100167,540004,23		//540004スローステキスト
100167,540005,23		//540005スロースバイブル
100167,550008,23		//550008グリードワンド
100167,550009,23		//550009アディクションプランツ
100167,560004,23		//560004イラフィースト
100167,570005,23		//570005ピグリティアウェーブ
100167,580005,23		//580005ピグリティアスパーク
100167,590006,23		//590006エンヴィーブラント

//大罪武器改造装置(Type5) (100168)
100168,600008,24		//600008ヒポクリシースエッジ
100168,610006,24		//610006アワリティアメタル
100168,630003,24		//630003ルクスリアピアース
100168,640005,24		//640005プライドストーン
100168,650003,24		//650003ワースホイール
100168,700007,24		//700007スペルピアストリング
100168,700008,24		//700008グラルション
100168,700009,24		//700009ピグリティアリズム
100168,810000,24		//810000ラストポインター
100168,820000,24		//820000ラストシャッター
100168,830001,24		//830001ラストクラッシャー
100168,840000,24		//840000ラストブーム
100168,500007,24		//500007ヒポクリシーマシン
100168,500008,24		//500008インウィディアバンドル
100168,510008,24		//510008ラースレック
100168,510009,24		//510009グラティース
100168,520002,24		//520002プライドスチール
100168,530002,24		//530002グラトニースティック
100168,540004,24		//540004スローステキスト
100168,540005,24		//540005スロースバイブル
100168,550008,24		//550008グリードワンド
100168,550009,24		//550009アディクションプランツ
100168,560004,24		//560004イラフィースト
100168,570005,24		//570005ピグリティアウェーブ
100168,580005,24		//580005ピグリティアスパーク
100168,590006,24		//590006エンヴィーブラント

//大罪武器改造装置(Type6) (100169)
100169,600008,25		//600008ヒポクリシースエッジ
100169,610006,25		//610006アワリティアメタル
100169,630003,25		//630003ルクスリアピアース
100169,640005,25		//640005プライドストーン
100169,650003,25		//650003ワースホイール
100169,700007,25		//700007スペルピアストリング
100169,700008,25		//700008グラルション
100169,700009,25		//700009ピグリティアリズム
100169,810000,25		//810000ラストポインター
100169,820000,25		//820000ラストシャッター
100169,830001,25		//830001ラストクラッシャー
100169,840000,25		//840000ラストブーム
100169,500007,25		//500007ヒポクリシーマシン
100169,500008,25		//500008インウィディアバンドル
100169,510008,25		//510008ラースレック
100169,510009,25		//510009グラティース
100169,520002,25		//520002プライドスチール
100169,530002,25		//530002グラトニースティック
100169,540004,25		//540004スローステキスト
100169,540005,25		//540005スロースバイブル
100169,550008,25		//550008グリードワンド
100169,550009,25		//550009アディクションプランツ
100169,560004,25		//560004イラフィースト
100169,570005,25		//570005ピグリティアウェーブ
100169,580005,25		//580005ピグリティアスパーク
100169,590006,25		//590006エンヴィーブラント

//エンハンスキューブII(イルシオン) (100729)
100729,15376,26		//15376イルシオンスーツI
100729,15377,26		//15377イルシオンスーツII
100729,20933,26		//20933イルシオンウィングI
100729,20934,26		//20934イルシオンウィングII
100729,22196,26		//22196イルシオンレッグI
100729,22197,26		//22197イルシオンレッグII
100729,460004,26		//460004イルシオンシールドI
100729,460014,26		//460014イルシオンシールドII
100729,400047,26		//400047ランナウェー・アクセラレータ

//違法パーツ(Type1) (100794)
100794,410070,27		//410070デモンズファミリア

//違法パーツ(Type2) (100795)
100795,410071,28		//410071デモンズファミリア

//ディープストーン(物理) (25521)
25521,1331,29		//1331アビスアックス
25521,1861,29		//1861アビスクロー
25521,2053,29		//2053アビススタッフ
25521,13343,29		//13343アビス風魔手裏剣
25521,13492,29		//13492アビスブレイド
25521,16087,29		//16087アビスメイス
25521,18177,29		//18177アビスウィング
25521,21046,29		//21046アビスクレイモア
25521,26021,29		//26021アビスランス
25521,26149,29		//26149アビスワンド
25521,26150,29		//26150アビスフォックステイル
25521,28037,29		//28037アビスカタール
25521,28135,29		//28135アビスツーハンドアックス
25521,28249,29		//28249アビスライフル
25521,28250,29		//28250アビスガトリングガン
25521,28251,29		//28251アビスショットガン
25521,28252,29		//28252アビスグレネードガン
25521,28627,29		//28627アビスブック
25521,28753,29		//28753アビスダガー
25521,32017,29		//32017アビススピア
25521,32105,29		//32105アビスバイオリン
25521,32106,29		//32106アビスブレイドウィップ
25521,32300,29		//32300アビスハンドガン

//ディープストーン(魔法) (25522)
25522,1331,30		//1331アビスアックス
25522,1861,30		//1861アビスクロー
25522,2053,30		//2053アビススタッフ
25522,13343,30		//13343アビス風魔手裏剣
25522,13492,30		//13492アビスブレイド
25522,16087,30		//16087アビスメイス
25522,18177,30		//18177アビスウィング
25522,21046,30		//21046アビスクレイモア
25522,26021,30		//26021アビスランス
25522,26149,30		//26149アビスワンド
25522,26150,30		//26150アビスフォックステイル
25522,28037,30		//28037アビスカタール
25522,28135,30		//28135アビスツーハンドアックス
25522,28249,30		//28249アビスライフル
25522,28250,30		//28250アビスガトリングガン
25522,28251,30		//28251アビスショットガン
25522,28252,30		//28252アビスグレネードガン
25522,28627,30		//28627アビスブック
25522,28753,30		//28753アビスダガー
25522,32017,30		//32017アビススピア
25522,32105,30		//32105アビスバイオリン
25522,32106,30		//32106アビスブレイドウィップ
25522,32300,30		//32300アビスハンドガン

//さび落としクリーナー (25523)
25523,16047,31		//16047錆びたアーム

//超違法パーツ (25524)
25524,410071,32		//410071デモンズファミリア

//大罪武器魔改造装置(Type4) (25536)
25536,600008,33		//600008ヒポクリシースエッジ
25536,610006,33		//610006アワリティアメタル
25536,630003,33		//630003ルクスリアピアース
25536,640005,33		//640005プライドストーン
25536,650003,33		//650003ワースホイール
25536,700007,33		//700007スペルピアストリング
25536,700008,33		//700008グラルション
25536,700009,33		//700009ピグリティアリズム
25536,810000,33		//810000ラストポインター
25536,820000,33		//820000ラストシャッター
25536,830001,33		//830001ラストクラッシャー
25536,840000,33		//840000ラストブーム
25536,500007,33		//500007ヒポクリシーマシン
25536,500008,33		//500008インウィディアバンドル
25536,510008,33		//510008ラースレック
25536,510009,33		//510009グラティース
25536,520002,33		//520002プライドスチール
25536,530002,33		//530002グラトニースティック
25536,540004,33		//540004スローステキスト
25536,540005,33		//540005スロースバイブル
25536,550008,33		//550008グリードワンド
25536,550009,33		//550009アディクションプランツ
25536,560004,33		//560004イラフィースト
25536,570005,33		//570005ピグリティアウェーブ
25536,580005,33		//580005ピグリティアスパーク
25536,590006,33		//590006エンヴィーブラント

//大罪武器魔改造装置(Type5) (25537)
25537,600008,34		//600008ヒポクリシースエッジ
25537,610006,34		//610006アワリティアメタル
25537,630003,34		//630003ルクスリアピアース
25537,640005,34		//640005プライドストーン
25537,650003,34		//650003ワースホイール
25537,700007,34		//700007スペルピアストリング
25537,700008,34		//700008グラルション
25537,700009,34		//700009ピグリティアリズム
25537,810000,34		//810000ラストポインター
25537,820000,34		//820000ラストシャッター
25537,830001,34		//830001ラストクラッシャー
25537,840000,34		//840000ラストブーム
25537,500007,34		//500007ヒポクリシーマシン
25537,500008,34		//500008インウィディアバンドル
25537,510008,34		//510008ラースレック
25537,510009,34		//510009グラティース
25537,520002,34		//520002プライドスチール
25537,530002,34		//530002グラトニースティック
25537,540004,34		//540004スローステキスト
25537,540005,34		//540005スロースバイブル
25537,550008,34		//550008グリードワンド
25537,550009,34		//550009アディクションプランツ
25537,560004,34		//560004イラフィースト
25537,570005,34		//570005ピグリティアウェーブ
25537,580005,34		//580005ピグリティアスパーク
25537,590006,34		//590006エンヴィーブラント

//大罪武器魔改造装置(Type6) (25538)
25538,600008,35		//600008ヒポクリシースエッジ
25538,610006,35		//610006アワリティアメタル
25538,630003,35		//630003ルクスリアピアース
25538,640005,35		//640005プライドストーン
25538,650003,35		//650003ワースホイール
25538,700007,35		//700007スペルピアストリング
25538,700008,35		//700008グラルション
25538,700009,35		//700009ピグリティアリズム
25538,810000,35		//810000ラストポインター
25538,820000,35		//820000ラストシャッター
25538,830001,35		//830001ラストクラッシャー
25538,840000,35		//840000ラストブーム
25538,500007,35		//500007ヒポクリシーマシン
25538,500008,35		//500008インウィディアバンドル
25538,510008,35		//510008ラースレック
25538,510009,35		//510009グラティース
25538,520002,35		//520002プライドスチール
25538,530002,35		//530002グラトニースティック
25538,540004,35		//540004スローステキスト
25538,540005,35		//540005スロースバイブル
25538,550008,35		//550008グリードワンド
25538,550009,35		//550009アディクションプランツ
25538,560004,35		//560004イラフィースト
25538,570005,35		//570005ピグリティアウェーブ
25538,580005,35		//580005ピグリティアスパーク
25538,590006,35		//590006エンヴィーブラント

//竜気のエッセンス (23981)
23981,15391,34		//15391ドラゴンスケイルプレート
23981,20946,34		//20946ドラゴンスケイルフード
23981,22208,34		//22208ドラゴンスケイルブーツ
23981,15400,34		//15400司祭のローブ
23981,20947,34		//20947司祭のマント
23981,22209,34		//22209司祭のブーツ
23981,15378,34		//15378ラーヴァレザーアーマー
23981,15379,34		//15379ラーヴァレザースーツ
23981,15380,34		//15380ラーヴァレザーローブ
23981,20935,34		//20935ラーヴァレザーマント
23981,20936,34		//20936ラーヴァレザーマフラー
23981,20937,34		//20937ラーヴァレザーフード
23981,22199,34		//22199ラーヴァレザーブーツ
23981,22200,34		//22200ラーヴァレザーシューズ
23981,22201,34		//22201ラーヴァレザーサンダル

//祝福のエッセンス (100142)
100142,15391,35		//15391ドラゴンスケイルプレート
100142,20946,35		//20946ドラゴンスケイルフード
100142,22208,35		//22208ドラゴンスケイルブーツ
100142,15400,35		//15400司祭のローブ
100142,20947,35		//20947司祭のマント
100142,22209,35		//22209司祭のブーツ
100142,15378,35		//15378ラーヴァレザーアーマー
100142,15379,35		//15379ラーヴァレザースーツ
100142,15380,35		//15380ラーヴァレザーローブ
100142,20935,35		//20935ラーヴァレザーマント
100142,20936,35		//20936ラーヴァレザーマフラー
100142,20937,35		//20937ラーヴァレザーフード
100142,22199,35		//22199ラーヴァレザーブーツ
100142,22200,35		//22200ラーヴァレザーシューズ
100142,22201,35		//22201ラーヴァレザーサンダル

//アインブロック武器改造許可証I (9514)
9514,26138,36		//26138業火の杖
9514,26139,36		//26139氷角の杖
9514,28619,36		//28619囚人の日記帳
9514,1867,36		//1867セイフティナックル
9514,16099,36		//16099ラヴァーハンマー
9514,26162,36		//26162ウェルディングワンド
9514,26215,36		//26215セイフティウィップ
9514,28635,36		//28635セイフティマニュアル
9514,28771,36		//28771金属探知機Mk47
9514,28772,36		//28772宝石探知機Mk47
9514,32026,36		//32026ブロッキングスピア
9514,32110,36		//32110セイフティリュート
9514,32352,36		//32352セイフティセイバー
9514,550006,36		//550006セイフティフォックステイル

//アインブロック武器改造許可証II (9529)
9529,2049,37		//2049青い炎の杖
9529,21039,37		//21039王室騎士の大剣
9529,26016,37		//26016王室騎士の槍
9529,2058,37		//2058ディテクトスタッフ
9529,13346,37		//13346グラインダー風魔手裏剣
9529,21054,37		//21054クロウソード
9529,28045,37		//28045ナットブレイカー
9529,28140,37		//28140ソーアックス
9529,18190,37		//18190ボルトシューター
9529,32303,37		//32303ボルトリボルバー

//エンハンスキューブ(グレイウルフ) (100626)
100626,450177,38		//450177グレイウルフスーツ
100626,450178,38		//450178グレイウルフローブ
100626,470087,38		//470087グレイウルフブーツ
100626,470088,38		//470088グレイウルフシューズ
100626,480090,38		//480090グレイウルフマフラー
100626,480091,38		//480091グレイウルフマント
100626,400409,38		//400409ワイルドビースト

//エンハンスキューブII(グレイウルフ) (102294)
102294,450177,39		//450177グレイウルフスーツ
102294,450178,39		//450178グレイウルフローブ
102294,470087,39		//470087グレイウルフブーツ
102294,470088,39		//470088グレイウルフシューズ
102294,480090,39		//480090グレイウルフマフラー
102294,480091,39		//480091グレイウルフマント
102294,400409,39		//400409ワイルドビースト

//エンハンスキューブI(夜間闘技場) (102410)
102410,450149,40		//450149アンティコンジャラースーツ
102410,450150,40		//450150マジックプロテクターローブ
102410,460005,40		//460005マジックアブソーバー
102410,460006,40		//460006大百科事典完全版
102410,480331,40		//480331マジックバリアークロース

//エンハンスキューブ(雪花) (101187)
101187,450206,41		//450206雪花のメイル
101187,450207,41		//450207雪花のローブ
101187,470115,41		//470115雪花のブーツ
101187,470116,41		//470116雪花のシューズ
101187,480159,41		//480159雪花のマント
101187,480160,41		//480160雪花のマフラー

//ゼンマイ制御機 (101099)
101099,570028,42		//570028プレジションリュート
101099,810005,42		//810005プレジションライフル
101099,700050,42		//700050プレジションボウ
101099,580028,42		//580028プレジションホイップ
101099,650019,42		//650019プレジション風魔手裏剣
101099,560030,42		//560030プレジションフィスト
101099,800009,42		//800009プレジションハンドガン
101099,820004,42		//820004プレジションショットガン
101099,840004,42		//840004プレジショングレネード
101099,830008,42		//830008プレジションガトリング
101099,550054,42		//550054ソリッドワンド
101099,550055,42		//550055ソリッドロッド
101099,540041,42		//540041ソリッドマニュアル
101099,530023,42		//530023ソリッドスピアー
101099,640031,42		//640031ソリッドスタッフ
101099,21063,42		//21063ソリッドクレイモア
101099,500044,42		//500044ソリッドエッジ
101099,500045,42		//500045ウィキッドブレード
101099,540042,42		//540042ウィキッドブック
101099,550056,42		//550056ウィキッドフォックステイル
101099,510051,42		//510051ウィキッドダガー
101099,590036,42		//590036ウィキッドクロス
101099,610035,42		//610035ウィキッドカタール
101099,620016,42		//620016ウィキッドアックス
